108 0.000937
110 0.001371
1268 0.018622
1259 0.003027
1250 0.001161
112 0.00028
113 0.00074
120 0.002933
1271 0.005015
122 0.003576
124 0.005095
1244 0.005765
126 0.002419
127 0.001544
128 0.004221
1263 0.00461
132 0.004587
134 0.001257
140 0.000974
141 0.036105
145 0.001972
147 0.006631
148 0.01084
149 0.000785
150 0.001891
151 0.001192
152 0.00471
154 0.001729
158 0.003313
168 0.007
169 0.006099
171 0.00331
1288 0.001546
174 0.023166
175 0.004379
177 0
178 0.000223
1302 0.002334
179 0.000214
181 0.00167
182 0.001558
1265 0.000566
184 0.002595
185 0.000463
188 0.002602
189 0.001902
191 0.005966
192 0.006644
195 0.002257
197 0.000511
1282 0.002872
1292 0.00119
204 0.00147
205 0.002105
212 0.003871
214 0.002452
215 0.005749
216 0.001845
217 0.005251
223 0.008454
225 0.00241
227 0.00291
229 0.000785
234 0.000854
236 0.001808
237 0.000697
238 0.001192
239 0.001041
241 0.001921
242 0.000995
243 0.001996
245 0.003321
246 0.000196
251 0
252 0
253 0.00023
262 0.001331
266 0.00045
271 0.002034
274 0.002338
275 0.002005
276 0.002886
280 0.003749
283 0.004603
284 0.002167
287 0.001163
289 0.009242
290 0.001329
291 0.008535
1226 0.004435
295 0.002141
298 0.002699
299 0.000777
301 0.002528
302 0.006396
1227 0.003488
304 0.002278
305 0.001036
307 0.001281
315 0.005692
317 0.004055
1228 0.003435
324 0.002644
326 0.001542
328 0.000789
915 0.000888
916 0.001788
917 0.000836
918 0.001764
919 0
920 0.001228
922 0.000177
924 0.00072
927 0.00032
928 0.00032
929 0.008145
931 0
932 0.001077
934 0.002231
937 0.001476
938 0.001808
942 0.001299
3 0.00051
947 0.001283
948 0.001047
949 0.00153
950 0.001932
952 0.00085
953 0.002828
954 0
956 0
958 0.002925
959 0.001955
960 0.001208
962 0.006603
965 0.000571
966 0.045452
967 0.002652
968 0.001884
971 0.005654
972 0.003568
977 0.005144
978 0.001913
979 0.001446
980 0.004861
981 0.004822
7 0
983 0.003135
985 0.00236
986 0.002962
987 0.001468
988 0.00025
989 0.001767
991 0.001115
994 0.000887
998 0.002179
1000 0.000714
1002 0.000988
1003 0.000413
1004 0
1008 0.000758
1009 0.000843
1011 0.001136
1017 0.001769
1023 0.001266
1025 0.002452
1026 0.000909
1030 0.000905
1032 0.000835
1033 0.001613
1034 0.003228
1035 0.000876
1036 0.001666
1037 0.00196
1042 0.003642
1043 0.003463
1046 0.00087
1048 0.004314
1051 0.003963
1052 0.01018
1053 0.000295
1056 0.003255
1057 0.009112
1060 0.004449
1062 0.0479
1063 0.007415
1068 0.00072
1069 0.010966
1070 0.009076
1071 0.001219
1074 0.000962
1077 0.007251
1078 0.001118
1079 0.005646
1080 0.003778
39 0
1082 0.013756
1083 0.001585
1085 0.000136
1086 0.006856
1090 0.002611
1093 0.005713
1094 0.011572
1095 0.000731
1096 0.018772
1098 0.000515
1100 0.001586
1101 0.002439
1102 0
1103 0.01891
1104 0.001515
1106 0.009654
1107 0.001424
1109 0.001539
1113 0.000516
1115 0.001755
1118 0.001522
1120 0.003863
1121 0.000764
1123 0.005876
1125 0.001302
1134 0.001107
1139 0.000888
49 0.000606
52 0
1141 0.002961
1142 0.001852
1146 0.002785
1148 0.00229
1150 0.000671
1154 0.001404
1157 0.000861
1159 0.001034
1160 0.001965
1239 0.000868
1163 0.000884
1164 0.001661
1165 0.001197
1168 0.001514
1170 0.002298
1171 0.000789
1176 0.001257
1187 0.002594
73 0
84 0.000303
89 0.002564
1189 0.000381
1190 0.000575
1192 0.001139
1195 0.001022
1197 0.001001
99 0.00106
1198 0.000959
1205 0.001563
1206 0.004913
1207 0.001293
1209 0.001653
1210 0.001137
1211 0.001057
1212 0.001429
1213 0.001756
1232 0.002013
1223 0
131 0
160 0
164 0
167 0
176 0
186 0.000706
194 0.001515
198 0.001218
199 0
209 0.000104
221 0.001227
250 0.000579
260 0.000944
267 0.000816
279 0.000496
285 0
293 0
296 0.001043
297 0.002077
329 0.001209
331 0.001335
332 0.003161
334 0.000999
339 0
343 0.002438
345 0.002042
1224 0.003453
349 0.003127
350 0.002531
355 0.003679
356 0.008407
357 0.004103
358 0.005238
359 0.005682
360 0.006179
367 0.003203
374 0.002399
375 0.000771
377 0.005635
382 0
385 0.00055
388 0.001514
389 0.001844
390 0
391 0.000971
394 0.001273
395 0.042681
396 0.002261
397 0.012092
399 0.00048
400 0.000938
403 0.001932
406 0.000638
408 0.002211
411 0.005138
413 0.000186
418 0
419 0.001041
422 0.001665
423 0.000134
426 0.00282
427 0.003213
428 0.001086
430 0.001596
432 0.001943
433 0.002415
434 0.004127
435 0.000496
436 0
438 0.003469
443 0.001247
444 0.001925
446 0.001726
448 0.001224
451 0.000868
452 0.005673
453 0.000682
456 0.000815
458 0.00313
459 0.000818
461 0.000811
464 0.007132
466 0.00171
469 0.012757
471 0.002024
480 0.003592
483 0.003507
485 0.007163
489 0.001344
499 0.001253
1218 0.056269
501 0.003363
503 0.005459
505 0.003747
507 0.00288
508 0.001154
510 0.002972
512 0.002935
513 0.021591
514 0.006648
516 0.007521
521 0.003669
524 0.001706
530 0.002711
533 0.00798
537 0.002371
538 0.003117
540 0
543 0.026168
544 0.000994
545 0.000606
548 0.000787
549 0.000558
550 0.000626
551 0.001419
554 0.002021
555 0.001384
556 0.010639
557 0.000517
558 0.01771
560 0.00282
564 0.006757
570 0.00377
571 0
574 0.001057
575 0.004433
576 0.006377
577 0.00348
1233 0.001473
581 0.002153
583 0.003166
1230 0.003975
584 0
588 0.000697
590 0.002788
592 0.003037
594 0.007038
602 0.013948
610 0.002433
611 0.009669
612 0.013958
614 0.016754
616 0.000727
621 0.003353
629 0.004574
632 0.001649
642 0.004365
643 0.000783
647 0.00114
649 0.000144
652 0.000845
654 0.000934
657 0.002281
658 0
660 0.001204
662 0.000927
668 0.001108
674 0.006121
675 0.001111
677 0.004224
678 0.006457
679 0.006209
681 0.005005
682 0.001692
685 0.001657
687 0.000851
688 0.006888
690 0.004045
695 0.004493
700 0.003998
702 0.003412
703 0.003491
706 0.002194
707 0.001519
708 0.002671
710 0.001327
712 0.001112
714 0.003574
715 0.000899
716 0.002398
720 0.001547
723 0.000663
724 0
725 0.000943
727 0.000816
728 0.001341
729 0.002911
731 0.000931
732 0.001749
733 0.001341
742 0.00213
744 0.001686
745 0.001965
751 0.009683
752 0.002636
753 0.003239
754 0.002455
755 0.004929
756 0.009424
759 0.00227
761 0.001141
765 0.001887
769 0.000932
770 0.000418
771 0.001887
772 0.002619
774 0.002039
775 0.021592
777 0.00431
778 0.003169
779 0.001221
783 0.002469
786 0.007022
787 0.005013
788 0.005731
789 0.003045
790 0.001728
791 0.004705
793 0.00334
795 0.003259
796 0.000993
797 0.003832
798 0.001523
800 0.001353
802 0.00155
803 0.001127
807 0.001963
808 0.001877
811 0.01108
813 0.002725
814 0.002235
816 0.002283
817 0.003249
818 0.037136
821 0.001827
822 0.001929
825 0.000721
827 0.001865
828 0.001964
829 0.003533
831 0.00037
841 0.001894
844 0.00077
849 0.001672
851 0.002816
852 0.001325
854 0.003426
885 0.001366
894 0
906 0.000821
907 0.002599
909 0.000133
