108 0
110 0
1268 0
1259 0
1250 0
112 0
113 0
120 0.15685
1271 0.372414
122 0
124 0
1244 0
126 0
127 0
128 0
1263 0.313101
132 0
134 0
140 0.192226
141 0.253735
145 0.521121
147 0
148 0.167234
149 0
150 0.103703
151 0
152 0
154 0.066958
158 0
168 0.094702
169 0.090246
171 0.289045
1288 0
174 0.22041
175 0.132431
177 0
178 0
1302 0
179 0
181 1
182 0
1265 0
184 0
185 0
188 0
189 0
191 1
192 0.235362
195 0.225803
197 0
1282 0
1292 0
204 0
205 0
212 0.180141
214 0
215 0
216 0.110419
217 0
223 0.333226
225 0.205344
227 0.173939
229 0
234 0
236 0
237 0
238 0
239 0
241 0
242 0
243 0
245 0
246 0
251 0
252 0
253 0
262 0
266 0
271 0
274 0
275 1
276 0.134111
280 0
283 1
284 0
287 0
289 0.242765
290 0
291 1
1226 0
295 0
298 0
299 0
301 0
302 0.469999
1227 0
304 0
305 1
307 0
315 0.203331
317 0.277322
1228 0.252113
324 0
326 0
328 0
915 0
916 0
917 0
918 0
919 0
920 0
922 0
924 0
927 0
928 0
929 1
931 0
932 0
934 0
937 0
938 0
942 0
3 0
947 0
948 0
949 0.531069
950 0
952 0
953 0
954 0
956 0
958 0
959 0
960 0
962 0
965 0
966 0.186339
967 0
968 0.14308
971 0.637085
972 0
977 0
978 0
979 0
980 0
981 0
7 0
983 0
985 0
986 0
987 0
988 0
989 0
991 0
994 0
998 0
1000 0
1002 0
1003 0
1004 0
1008 0
1009 0
1011 0
1017 0
1023 0
1025 0
1026 0
1030 0
1032 0
1033 0
1034 0
1035 0
1036 0
1037 0
1042 0.27504
1043 0
1046 0
1048 0
1051 0
1052 0.313344
1053 0
1056 0
1057 0.06366
1060 0
1062 0
1063 0.197883
1068 0
1069 0.107842
1070 0
1071 1
1074 0
1077 0
1078 0
1079 0.262398
1080 0
39 0
1082 0
1083 0
1085 0
1086 0.105772
1090 0
1093 0
1094 0
1095 0
1096 0.53626
1098 0
1100 0
1101 0
1102 0
1103 0.604601
1104 0
1106 0.302558
1107 0
1109 0
1113 0
1115 0
1118 0
1120 0
1121 0
1123 0.57824
1125 0
1134 0
1139 0
49 0
52 0
1141 0
1142 0
1146 0
1148 0
1150 0
1154 0
1157 0
1159 0
1160 0
1239 0
1163 0
1164 0
1165 0
1168 0.079278
1170 0
1171 0
1176 0
1187 0.181754
73 0
84 0
89 0
1189 0
1190 0
1192 0
1195 0
1197 0
99 0
1198 0
1205 0
1206 0
1207 0
1209 0
1210 0
1211 0
1212 0
1213 0
1232 0
1223 0
131 0
160 0
164 0
167 0
176 0
186 0
194 0
198 0
199 0
209 0
221 0
250 0
260 0
267 0
279 0
285 0
293 0
296 0
297 0
329 0
331 0
332 0
334 0
339 0
343 0
345 0
1224 0
349 0
350 0
355 0.320409
356 0
357 0.083559
358 0.391548
359 0
360 0
367 0.29291
374 0
375 0
377 0.171073
382 0
385 0
388 0
389 0
390 0
391 0
394 0
395 0.636657
396 0.064359
397 0.078357
399 0
400 0
403 0
406 0
408 0
411 0.129718
413 0
418 0
419 0
422 0
423 0
426 1
427 1
428 0.403716
430 0
432 1
433 0
434 0
435 0
436 0
438 0
443 0
444 0
446 0
448 0
451 0
452 0
453 0
456 0
458 0
459 0
461 0
464 0
466 0
469 0.239019
471 0.079426
480 0
483 0.305055
485 0.390588
489 1
499 0
1218 0.123778
501 0
503 0.085533
505 0
507 0
508 0
510 0
512 0
513 0.290639
514 0
516 0
521 0
524 0.104556
530 0
533 0
537 1
538 0
540 0
543 0.293315
544 1
545 1
548 0
549 0
550 1
551 0
554 0
555 1
556 1
557 0
558 0.281535
560 0
564 0
570 0.139226
571 0
574 0
575 0
576 0
577 0
1233 0
581 0
583 0.079508
1230 0.375471
584 0
588 0
590 0
592 0.495565
594 0
602 0.171529
610 0
611 1
612 0.208137
614 1
616 0
621 0.143411
629 0.212133
632 0
642 0.110056
643 0
647 0
649 0
652 0
654 0
657 0.396428
658 0
660 0
662 0
668 0.348477
674 0.161044
675 0.324924
677 0.599014
678 0
679 0.564454
681 0
682 0
685 0
687 0
688 0.322271
690 0
695 0.389498
700 0.137044
702 0.534325
703 0.357308
706 0
707 0
708 0.214934
710 0
712 0
714 0.388635
715 0
716 0.084041
720 0
723 0
724 0
725 0
727 1
728 0
729 0.948393
731 1
732 0
733 0.729632
742 0.235018
744 0.334452
745 0
751 0.36071
752 0
753 0.564312
754 0.164724
755 0.273356
756 1
759 0.273897
761 1
765 1
769 0.289058
770 0
771 0.466235
772 0.16931
774 0.34575
775 0.144374
777 0.237207
778 0.36462
779 0.191546
783 0.129735
786 0.306209
787 0
788 0.293128
789 0
790 0.618608
791 0.251389
793 0.228486
795 0.487954
796 0.058804
797 0.057885
798 0.181278
800 0.033799
802 0
803 0
807 0.170533
808 0.139744
811 0.383507
813 0
814 0.115789
816 0.210267
817 0
818 1
821 0
822 0
825 1
827 0
828 0
829 1
831 0
841 0
844 0
849 0.339348
851 0.261594
852 0
854 0
885 0
894 0
906 0
907 0.174136
909 0
