108 0
110 0
1268 0
1259 0
1250 0
112 0
113 0
120 0
1271 0
122 0
124 0.000199
1244 0
126 0
127 0
128 0
1263 0
132 0
134 0.001015
140 0.00133
141 0
145 0.003252
147 0
148 0.002187
149 0
150 0.006042
151 0
152 0.001724
154 0
158 0.00045
168 0
169 0
171 0
1288 0
174 0
175 0
177 0
178 0
1302 0
179 0
181 0
182 0
1265 0
184 0
185 0
188 0
189 0
191 0
192 0
195 0.00342
197 0
1282 0
1292 0
204 0
205 0
212 0
214 0
215 0
216 0.003072
217 0
223 0.001492
225 0
227 0.002289
229 0
234 0
236 0
237 0
238 0
239 0
241 0
242 0
243 0
245 0
246 0
251 0
252 0
253 0
262 0
266 0
271 0
274 0
275 0
276 0
280 0
283 0
284 0
287 0
289 0
290 0
291 0
1226 0
295 0
298 0
299 0
301 0
302 0
1227 0
304 0
305 0
307 0
315 0
317 0
1228 0
324 0
326 0
328 0
915 0
916 0
917 0
918 0
919 0
920 0
922 0
924 0
927 0
928 0
929 0.015329
931 0
932 0.002278
934 0
937 0.000903
938 0.013589
942 0.004486
3 0
947 0.004415
948 0
949 0.009186
950 0
952 0
953 0
954 0
956 0
958 0
959 0
960 0
962 0
965 0
966 0
967 0
968 0
971 0.01056
972 0
977 0
978 0
979 0.003857
980 0
981 0
7 0
983 0
985 0
986 0.01626
987 0
988 0
989 0
991 0.000451
994 0.003822
998 0
1000 0.002039
1002 0
1003 0
1004 0
1008 0.008803
1009 0
1011 0
1017 0
1023 0
1025 0
1026 0
1030 0
1032 0.000444
1033 0.009997
1034 0
1035 0
1036 0.001607
1037 0
1042 0.009718
1043 0.000906
1046 0.001494
1048 0
1051 0
1052 0
1053 0.006333
1056 0
1057 0.011089
1060 0
1062 0
1063 0.006207
1068 0.001951
1069 0.006292
1070 0
1071 0.025792
1074 0
1077 0
1078 0.01082
1079 0.000388
1080 0
39 0
1082 0
1083 0
1085 0
1086 0
1090 0.000566
1093 0
1094 0
1095 0.006031
1096 0.017701
1098 0.04875
1100 0.006839
1101 0
1102 0
1103 0.033917
1104 0
1106 0.024105
1107 0.010758
1109 0.004411
1113 0
1115 0
1118 0
1120 0.015428
1121 0.020532
1123 0.008358
1125 0.001663
1134 0
1139 0
49 0
52 0
1141 0
1142 0
1146 0
1148 0
1150 0
1154 0
1157 0
1159 0
1160 0.00926
1239 0.005432
1163 0.006083
1164 0
1165 0
1168 0
1170 0
1171 0.000732
1176 0
1187 0
73 0
84 0
89 0
1189 0
1190 0
1192 0
1195 0.001364
1197 0
99 0
1198 0
1205 0
1206 0
1207 0.002133
1209 0.001725
1210 0
1211 0
1212 0.001319
1213 0
1232 0
1223 0
131 0
160 0
164 0
167 0
176 0
186 0
194 0.008333
198 0
199 0.004349
209 0
221 0.008543
250 0
260 0
267 0
279 0
285 0
293 0
296 0
297 0.005189
329 0
331 0
332 0
334 0
339 0
343 0
345 0
1224 0.002459
349 0
350 0
355 0
356 0
357 0
358 0
359 0
360 0
367 0
374 0.003126
375 0
377 0
382 0
385 0
388 0
389 0
390 0
391 0
394 0.000311
395 0
396 0
397 0
399 0
400 0
403 0
406 0
408 0
411 0
413 0
418 0
419 0
422 0
423 0.000918
426 0
427 0
428 0
430 0
432 0
433 0
434 0
435 0
436 0
438 0
443 0
444 0
446 0.002116
448 0
451 0
452 0.000601
453 0
456 0.000955
458 0
459 0
461 0
464 0
466 0
469 0.004481
471 0.01417
480 0
483 0
485 0.012085
489 0
499 0
1218 0
501 0.007702
503 0
505 0
507 0
508 0
510 0
512 0
513 0
514 0
516 0
521 0
524 0
530 0.007754
533 0
537 0
538 0
540 0
543 0
544 0.000331
545 0
548 0
549 0
550 0
551 0
554 0
555 0
556 0
557 0
558 0
560 0
564 0
570 0.005507
571 0
574 0
575 0
576 0
577 0
1233 0
581 0
583 0
1230 0.096582
584 0
588 0
590 0
592 0.004298
594 0
602 0
610 0.000973
611 0
612 0.001148
614 0
616 0.004195
621 0
629 0
632 0
642 0
643 0
647 0
649 0
652 0
654 0
657 0
658 0
660 0.000427
662 0.003646
668 0
674 0
675 0
677 0
678 0
679 0
681 0
682 0
685 0
687 0.001823
688 0.007375
690 0
695 0
700 0
702 0
703 0
706 0
707 0
708 0.005414
710 0
712 0
714 0
715 0
716 0
720 0
723 0
724 0
725 0.010964
727 0
728 0
729 0
731 0
732 0
733 0.005568
742 0
744 0.005606
745 0
751 0
752 0
753 0.014283
754 0.003504
755 0
756 0
759 0
761 0.012447
765 0
769 0
770 0
771 0
772 0
774 0
775 0
777 0.01818
778 0.011811
779 0
783 0
786 0.029405
787 0.010929
788 0.003342
789 0.016543
790 0
791 0.035555
793 0.013963
795 0.008854
796 0.002669
797 0.001499
798 0.005314
800 0
802 0
803 0
807 0
808 0
811 0
813 0.006455
814 0
816 0
817 0
818 0
821 0.002545
822 0
825 0.000897
827 0
828 0
829 0
831 0
841 0
844 0
849 0
851 0.000912
852 0
854 0
885 0
894 0
906 0
907 0.036773
909 0
