108 0.368807
110 0.296861
1268 0.17726
1259 0.169398
1250 0.164212
112 0.361234
113 0.136297
120 0.386416
1271 0.225869
122 0.332626
124 0.368896
1244 0.078072
126 0.157497
127 0.251886
128 0.305231
1263 0.264445
132 0.112373
134 0.09033
140 0.181194
141 0.228766
145 0.379424
147 0.324704
148 0.162089
149 0.146724
150 0.415438
151 0.309584
152 0.17924
154 0.365202
158 0.296924
168 0.28416
169 0.276651
171 0.161422
1288 0.477202
174 0
175 0.201716
177 0.34632
178 0.376773
1302 0.181451
179 0.390044
181 0.069467
182 0.177336
1265 0.175499
184 0.303565
185 0.272891
188 0.177204
189 0.212814
191 0.228666
192 0.160331
195 0.254913
197 0.102931
1282 0.241359
1292 0.31735
204 0.299394
205 0.378576
212 0.405533
214 0.392674
215 0.267585
216 0.309343
217 0.142319
223 0.321948
225 0.357672
227 0.284239
229 0.214119
234 0.450008
236 0.395245
237 0.374141
238 0.54202
239 0.46359
241 0.157541
242 0.405344
243 0.357406
245 0.191729
246 0.380042
251 0.308417
252 0.284898
253 0.315166
262 0.357561
266 0.386003
271 0.225398
274 0.194903
275 0.437412
276 0.216427
280 0.214418
283 0.344677
284 0.153846
287 0.264179
289 0.478621
290 0.28488
291 0.191112
1226 0.246928
295 0.134867
298 0.147231
299 0.251779
301 0.180099
302 0.201423
1227 0.216874
304 0.369541
305 0.152985
307 0.317353
315 0.269183
317 0.341488
1228 0.221061
324 0.34084
326 0.33368
328 0.08023
915 0.30245
916 0.169573
917 0.410701
918 0.400162
919 0.352322
920 0.214932
922 0.206037
924 0.216508
927 0.252459
928 0.473895
929 0.28319
931 0.476533
932 0.221644
934 0.278579
937 0.150683
938 0.202289
942 0.321588
3 0.123761
947 0.457422
948 0.314762
949 0.460665
950 0.306364
952 0.306836
953 0.162907
954 0.321332
956 0.225051
958 0.424667
959 0.42228
960 0.485929
962 0.257787
965 0.395803
966 0.424719
967 0.41711
968 0.195312
971 0.257617
972 0.388227
977 0.252944
978 0.394851
979 0.201035
980 0.261782
981 0.253577
7 0.319788
983 0.147643
985 0.343529
986 0.275636
987 0.22543
988 0.326795
989 0.275789
991 0.234908
994 0.180418
998 0.258737
1000 0.239918
1002 0.450368
1003 0.166832
1004 0.192867
1008 0.198328
1009 0.324855
1011 0.15914
1017 0.325585
1023 0.57911
1025 0.24084
1026 0.24932
1030 0.619491
1032 0.284477
1033 0.213639
1034 0.355946
1035 0.163569
1036 0.210192
1037 0.574582
1042 0.271709
1043 0.177357
1046 0.074715
1048 0.400829
1051 0.146235
1052 0.15881
1053 0.17784
1056 0.285803
1057 0.471152
1060 0.1077
1062 0.207787
1063 0.155109
1068 0.082531
1069 0.283291
1070 0.268928
1071 0.116574
1074 0.213756
1077 0.345153
1078 0.196619
1079 0.262264
1080 0.521958
39 0.230498
1082 0.237809
1083 0.364578
1085 0.234954
1086 0.324885
1090 0.375106
1093 0.411413
1094 0.25639
1095 0.348018
1096 0.228647
1098 0.439419
1100 0.22453
1101 0.10616
1102 0.326206
1103 0.27171
1104 0.269872
1106 0.286103
1107 0.370585
1109 0.320416
1113 0.383499
1115 0.149349
1118 0.354042
1120 0.340183
1121 0.305788
1123 0.250203
1125 0.245128
1134 0.216991
1139 0.249462
49 0.245239
52 0.393581
1141 0.367663
1142 0.356416
1146 0.197889
1148 0.291383
1150 0.218351
1154 0.14136
1157 0.272231
1159 0.367271
1160 0.323807
1239 0.355159
1163 0.300143
1164 0.254263
1165 0.315473
1168 0.319735
1170 0.389791
1171 0.368121
1176 0.416937
1187 0.307038
73 0.131225
84 0.25545
89 0.193537
1189 0.304755
1190 0.190129
1192 0.391728
1195 0.334053
1197 0.299981
99 0.340148
1198 0.310974
1205 0.33641
1206 0.208175
1207 0.301
1209 0.273024
1210 0.315827
1211 0.153418
1212 0.151441
1213 0.263913
1232 0.253083
1223 0.326119
131 0.216815
160 0.256904
164 0.263492
167 0.023539
176 0.426838
186 0.359079
194 0.337378
198 0.381073
199 0.257184
209 0.179896
221 0.238832
250 0.256246
260 0.325382
267 0.196095
279 0.168516
285 0.164969
293 0.061955
296 0.265908
297 0.083223
329 0.341135
331 0.11926
332 0.200214
334 0.17016
339 0.377301
343 0.134521
345 0.389947
1224 0.069742
349 0.157366
350 0.266963
355 0.227728
356 0.268707
357 0.50136
358 0.220385
359 0.136586
360 0.354438
367 0.337794
374 0.352053
375 0.243373
377 0.402952
382 0.390193
385 0.081094
388 0.484274
389 0.312176
390 0.233874
391 0.316195
394 0.450555
395 0.349665
396 0.282955
397 0.188249
399 0.179558
400 0.16125
403 0.185655
406 0.273608
408 0.152675
411 0.429
413 0.281728
418 0.153484
419 0.129245
422 0.196699
423 0.057276
426 0.314336
427 0.279033
428 0.378395
430 0.424612
432 0.223574
433 0.345684
434 0.176868
435 0.301424
436 0.073518
438 0.049979
443 0.232358
444 0.400359
446 0.252145
448 0.322134
451 0.148002
452 0.148996
453 0.267801
456 0.282451
458 0.28666
459 0.273444
461 0.479174
464 0.304584
466 0.257915
469 0.176025
471 0.193558
480 0.189508
483 0.354384
485 0.319601
489 0.219304
499 0.261476
1218 0.216433
501 0.173456
503 0.186912
505 0.268381
507 0.320657
508 0.206295
510 0.438333
512 0.222354
513 0.22018
514 0.527643
516 0.313548
521 0.202492
524 0.327645
530 0.255173
533 0.333513
537 0.167494
538 0.3385
540 0.482204
543 0.203273
544 0.255773
545 0.275403
548 0.230345
549 0.101404
550 0.246719
551 0.345917
554 0.286832
555 0.313609
556 0.351909
557 0.201368
558 0.256859
560 0.29732
564 0.348608
570 0.280217
571 0.31202
574 0.386308
575 0.137419
576 0.291468
577 0.217734
1233 0.483229
581 0.392701
583 0.150632
1230 0.204346
584 0.472334
588 0.318044
590 0.358154
592 0.230176
594 0.227634
602 0.202067
610 0.291342
611 0.160817
612 0.219182
614 0.214831
616 0.277285
621 0.216797
629 0.123479
632 0.121651
642 0.303546
643 0.355139
647 0.189062
649 0.294721
652 0.189518
654 0.359829
657 0.204873
658 0.203463
660 0.437365
662 0.357774
668 0.240273
674 0.179409
675 0.232208
677 0.383118
678 0.337875
679 0.252415
681 0.208391
682 0.298598
685 0.157245
687 0.296834
688 0.174829
690 0.313621
695 0.249785
700 0.4365
702 0.133942
703 0.249858
706 0.401872
707 0.204902
708 0.34264
710 0.213807
712 0.322024
714 0.279065
715 0.491922
716 0.242476
720 0.342553
723 0.344233
724 0.106164
725 0.285786
727 0.440805
728 0.291549
729 0.082525
731 0.260791
732 0.221769
733 0.140505
742 0.401828
744 0.174326
745 0.269471
751 0.263875
752 0.181806
753 0.180909
754 0.270457
755 0.277007
756 0.284736
759 0.228707
761 0.13575
765 0.503724
769 0.262562
770 0.175496
771 0.336193
772 0.459385
774 0.525973
775 0.348156
777 0.25983
778 0.296167
779 0.428079
783 0.272925
786 0.17669
787 0.24442
788 0.258638
789 0.238339
790 0.21499
791 0.282244
793 0.528751
795 0.212758
796 0.193747
797 0.362766
798 0.227102
800 0.388218
802 0.307164
803 0.165217
807 0.257621
808 0.200035
811 0.293599
813 0.093425
814 0.307895
816 0.367081
817 0.380612
818 0.418409
821 0.087404
822 0.215876
825 0.22365
827 0.296246
828 0.394951
829 0.08746
831 0.47785
841 0.341843
844 0.179221
849 0.318408
851 0.244835
852 0.231656
854 0.426076
885 0.32822
894 0.315425
906 0.266933
907 0.3526
909 0.257493
