108 0.408092
110 0.457512
1268 0.713466
1259 0.530369
1250 0.467335
112 0.348635
113 0.728083
120 0.483734
1271 0.448166
122 0.212252
124 0.512323
1244 0.712044
126 0.379834
127 0.472959
128 0.255558
1263 0.349871
132 0.54882
134 0.347882
140 0.595006
141 0.605244
145 0.224355
147 0.472568
148 0.672491
149 0.6624
150 0.427439
151 0.421386
152 0.693043
154 0.29239
158 0.606044
168 0.421518
169 0.659553
171 0.577383
1288 0.275121
174 0.895511
175 0.659375
177 0.55357
178 0.43604
1302 0.477785
179 0.488328
181 0.716618
182 0.720744
1265 0.640154
184 0.455059
185 0.567591
188 0.601414
189 0.675103
191 0.69024
192 0.355271
195 0.577936
197 0.559018
1282 0.635635
1292 0.600779
204 0.534863
205 0.423925
212 0.304822
214 0.540094
215 0.295857
216 0.627954
217 0.749936
223 0.494962
225 0.363537
227 0.470907
229 0.598063
234 0.411184
236 0.431469
237 0.580222
238 0.275544
239 0.512344
241 0.757459
242 0.273824
243 0.362212
245 0.549936
246 0.454486
251 0.207601
252 0.267377
253 0.240744
262 0.613131
266 0.510411
271 0.525425
274 0.497984
275 0.428776
276 0.693533
280 0.47769
283 0.592243
284 0.7046
287 0.419832
289 0.431494
290 0.554629
291 0.686338
1226 0.657735
295 0.479933
298 0.63637
299 0.682437
301 0.756548
302 0.541255
1227 0.70946
304 0.335438
305 0.644915
307 0.458303
315 0.648447
317 0.506033
1228 0.630602
324 0.492406
326 0.628609
328 0.670442
915 0.428188
916 0.761277
917 0.363843
918 0.443078
919 0.539782
920 0.728818
922 0.774899
924 0.693779
927 0.578552
928 0.428499
929 0.650894
931 0.404583
932 0.359685
934 0.647943
937 0.278614
938 0.444612
942 0.315074
3 0.343365
947 0.404561
948 0.31137
949 0.321685
950 0.604232
952 0.280417
953 0.723977
954 0.368561
956 0.234269
958 0.481399
959 0.365831
960 0.361693
962 0.632015
965 0.196474
966 0.405908
967 0.451237
968 0.516118
971 0.529198
972 0.29252
977 0.594973
978 0.523321
979 0.442399
980 0.438023
981 0.683189
7 0.365993
983 0.218284
985 0.443543
986 0.599314
987 0.415403
988 0.537447
989 0.536604
991 0.602012
994 0.252119
998 0.237083
1000 0.32677
1002 0.448605
1003 0.206537
1004 0.752644
1008 0.627934
1009 0.637373
1011 0.499698
1017 0.532502
1023 0.354881
1025 0.559553
1026 0.399204
1030 0.253536
1032 0.522561
1033 0.554424
1034 0.46144
1035 0.380531
1036 0.429599
1037 0.295541
1042 0.273224
1043 0.20256
1046 0.550218
1048 0.510885
1051 0.296948
1052 0.523802
1053 0.379194
1056 0.356225
1057 0.415405
1060 0.111568
1062 0.318297
1063 0.45556
1068 0.379634
1069 0.567548
1070 0.34985
1071 0.437485
1074 0.457691
1077 0.555072
1078 0.664505
1079 0.621448
1080 0.376987
39 0.412467
1082 0.635505
1083 0.311132
1085 0.320554
1086 0.541183
1090 0.528473
1093 0.497348
1094 0.490773
1095 0.470052
1096 0.597319
1098 0.271065
1100 0.482679
1101 0.097115
1102 0.388668
1103 0.64884
1104 0.19906
1106 0.45746
1107 0.554385
1109 0.465686
1113 0.260131
1115 0.622155
1118 0.470425
1120 0.606627
1121 0.447539
1123 0.592886
1125 0.583955
1134 0.279934
1139 0.314545
49 0.467458
52 0.270319
1141 0.583316
1142 0.521116
1146 0.58763
1148 0.612131
1150 0.686015
1154 0.772438
1157 0.622261
1159 0.387826
1160 0.323617
1239 0.461979
1163 0.599717
1164 0.532093
1165 0.641738
1168 0.282585
1170 0.553649
1171 0.529157
1176 0.471171
1187 0.4297
73 0.355238
84 0.546998
89 0.351711
1189 0.442686
1190 0.545318
1192 0.446163
1195 0.412292
1197 0.578704
99 0.485159
1198 0.64053
1205 0.593333
1206 0.723639
1207 0.49577
1209 0.431196
1210 0.382764
1211 0.44619
1212 0.267449
1213 0.604057
1232 0.608765
1223 0.304247
131 0.379798
160 0.286311
164 0.198464
167 0.163861
176 0.491588
186 0.24243
194 0.531008
198 0.55384
199 0.389151
209 0.545275
221 0.530218
250 0.624557
260 0.632151
267 0.243355
279 0.449026
285 0.462571
293 0.203785
296 0.39707
297 0.545985
329 0.46208
331 0.511137
332 0.721727
334 0.314963
339 0.445317
343 0.690945
345 0.552857
1224 0.390274
349 0.641509
350 0.550308
355 0.644557
356 0.508283
357 0.406511
358 0.668231
359 0.348872
360 0.527666
367 0.398025
374 0.306046
375 0.510248
377 0.48843
382 0.283187
385 0.265095
388 0.475978
389 0.488335
390 0.661788
391 0.454079
394 0.423751
395 0.289219
396 0.381535
397 0.470467
399 0.53521
400 0.365809
403 0.197649
406 0.424886
408 0.615918
411 0.490986
413 0.523653
418 0.181042
419 0.404212
422 0.662693
423 0.290808
426 0.30596
427 0.501816
428 0.472482
430 0.534009
432 0.414541
433 0.591439
434 0.503556
435 0.598762
436 0.245033
438 0.801546
443 0.419663
444 0.505797
446 0.584561
448 0.230422
451 0.396566
452 0.701204
453 0.442157
456 0.359526
458 0.58059
459 0.319538
461 0.481797
464 0.361294
466 0.289502
469 0.735426
471 0.308935
480 0.565387
483 0.516569
485 0.627796
489 0.168663
499 0.567105
1218 0.643546
501 0.306653
503 0.536636
505 0.535071
507 0.39341
508 0.756691
510 0.447718
512 0.615632
513 0.354575
514 0.276318
516 0.611964
521 0.501537
524 0.511171
530 0.462231
533 0.464655
537 0.484946
538 0.541038
540 0.44027
543 0.580004
544 0.46952
545 0.480709
548 0.595279
549 0.560744
550 0.524315
551 0.375465
554 0.638838
555 0.517238
556 0.513423
557 0.661727
558 0.505874
560 0.356718
564 0.577396
570 0.484562
571 0.353387
574 0.386807
575 0.638706
576 0.452528
577 0.396788
1233 0.417123
581 0.362977
583 0.625096
1230 0.626659
584 0.386313
588 0.405025
590 0.49844
592 0.662123
594 0.494647
602 0.647488
610 0.5513
611 0.689364
612 0.656905
614 0.648929
616 0.618127
621 0.537952
629 0.332412
632 0.360678
642 0.594807
643 0.39674
647 0.56576
649 0.571302
652 0.647392
654 0.351306
657 0.621401
658 0.579112
660 0.342897
662 0.594899
668 0.516872
674 0.656568
675 0.489005
677 0.574892
678 0.512523
679 0.501519
681 0.721453
682 0.355294
685 0.756751
687 0.535687
688 0.497792
690 0.576809
695 0.660408
700 0.448888
702 0.326209
703 0.6052
706 0.539277
707 0.580958
708 0.495824
710 0.380132
712 0.330574
714 0.3494
715 0.451197
716 0.400753
720 0.623146
723 0.555245
724 0.406727
725 0.378628
727 0.470413
728 0.552551
729 0.782947
731 0.642972
732 0.295962
733 0.248904
742 0.42343
744 0.68072
745 0.534947
751 0.620591
752 0.357374
753 0.655606
754 0.378886
755 0.655811
756 0.612327
759 0.395586
761 0.297591
765 0.425081
769 0.435309
770 0.644539
771 0.490784
772 0.310473
774 0.341799
775 0.581207
777 0.350511
778 0.616886
779 0.352046
783 0.468504
786 0.750963
787 0.674039
788 0.380022
789 0.300406
790 0.426272
791 0.528531
793 0.314156
795 0.74718
796 0.523895
797 0.402344
798 0.143076
800 0.480641
802 0.386288
803 0.31805
807 0.512621
808 0.700981
811 0.617277
813 0.322553
814 0.501056
816 0.421921
817 0.348996
818 0.288778
821 0.271014
822 0.412599
825 0.565609
827 0.429134
828 0.477917
829 0.53844
831 0.392982
841 0.420914
844 0.529655
849 0.324802
851 0.616665
852 0.507198
854 0.494558
885 0.282573
894 0.540195
906 0.28008
907 0.523902
909 0.486919
