108 0
110 0.002877
1268 0.0016
1259 0.000948
1250 0.002097
112 0.000259
113 0.002356
120 0.001073
1271 0.00179
122 0.000407
124 0
1244 0.001495
126 0.001989
127 0.004526
128 0
1263 0.001953
132 0
134 0.000257
140 0.001612
141 0.006107
145 0
147 0.000233
148 0
149 0.000948
150 0
151 0
152 0
154 0.001363
158 0.001481
168 0.000509
169 0.001789
171 0
1288 0
174 0.006901
175 0.001368
177 0
178 0
1302 0
179 0.001874
181 0.001361
182 0.002148
1265 0.001779
184 0.001041
185 0
188 0.002342
189 0
191 0.003424
192 0
195 0.001253
197 0.000929
1282 0.001471
1292 0.003914
204 0.002371
205 0.000472
212 0.002115
214 0
215 0
216 0.001873
217 0.003832
223 0
225 0
227 0
229 0.006149
234 0
236 0
237 0.001592
238 0
239 0.001537
241 0.009788
242 0
243 0
245 0.00598
246 0.000554
251 0
252 0
253 0
262 0.001291
266 0.000391
271 0.001649
274 0
275 0
276 0.001478
280 0.00088
283 0.00219
284 0.002045
287 0.001478
289 0
290 0
291 0.001348
1226 0.001652
295 0
298 0.00699
299 0.001062
301 0.004845
302 0.002642
1227 0
304 0
305 0.003768
307 0.001423
315 0.001915
317 0
1228 0.001833
324 0
326 0
328 0.005226
915 0.001267
916 0.003221
917 0
918 0
919 0
920 0.00318
922 0
924 0.001853
927 0
928 0
929 0.001342
931 0
932 0.000949
934 0.00251
937 0.000244
938 0.003675
942 0.000461
3 0.00077
947 0
948 0
949 0
950 0.002211
952 0
953 0.002068
954 0
956 0.000186
958 0.001201
959 0
960 0
962 0
965 0
966 0
967 0
968 0
971 0.000834
972 0
977 0.001722
978 0
979 0
980 0
981 0.004301
7 0
983 0
985 0.000169
986 0.000899
987 0
988 0.000333
989 0
991 0.003554
994 0
998 0
1000 0
1002 0
1003 0
1004 0.008035
1008 0.002352
1009 0.001522
1011 0.001751
1017 0.001799
1023 0
1025 0.001727
1026 0
1030 0
1032 0.001195
1033 0.00015
1034 0
1035 0
1036 0
1037 0
1042 0.000217
1043 0
1046 0.006566
1048 0.001747
1051 0
1052 0
1053 0.002259
1056 0
1057 0
1060 0
1062 0
1063 0
1068 0.001875
1069 0
1070 0
1071 0.002221
1074 0
1077 0
1078 0.002454
1079 0.001229
1080 0
39 0.000218
1082 0.000224
1083 0
1085 0
1086 0
1090 0
1093 0.003319
1094 0.000685
1095 0
1096 0.002167
1098 0
1100 0
1101 0
1102 0
1103 0.000568
1104 0
1106 0
1107 0
1109 0.002056
1113 0
1115 0
1118 0.000345
1120 0
1121 0.002496
1123 0.000518
1125 0.00116
1134 0.000997
1139 0
49 0
52 0
1141 0.001284
1142 0.000516
1146 0
1148 0.001347
1150 0.001458
1154 0.002704
1157 0.000338
1159 0
1160 0.001182
1239 0.000679
1163 0.001879
1164 0.003152
1165 0.001205
1168 0.001168
1170 0.00277
1171 0.000827
1176 0.000598
1187 0
73 0
84 0.001622
89 0
1189 0
1190 0.001219
1192 0
1195 0
1197 0
99 0
1198 0.002692
1205 0.00072
1206 0.005001
1207 0.000659
1209 0
1210 0.000949
1211 0.001067
1212 0
1213 0.000917
1232 0.001127
1223 0
131 0.000436
160 0
164 0
167 0
176 0
186 0
194 0
198 0
199 0
209 0.002192
221 0.000803
250 0.004154
260 0
267 0
279 0
285 0.001069
293 0
296 0
297 0
329 0.000398
331 0.002336
332 0.003263
334 0
339 0.004822
343 0
345 0
1224 0
349 0.002457
350 0.000802
355 0.000656
356 0.000527
357 0.000277
358 0
359 0.000997
360 0
367 0
374 0
375 0
377 0
382 0
385 0
388 0
389 0.000565
390 0
391 0
394 0
395 0
396 0
397 0.001682
399 0
400 0
403 0
406 0
408 0.005102
411 0
413 0
418 0
419 0.001572
422 0.0049
423 0
426 0.00016
427 0
428 0
430 0.000737
432 0.00078
433 0.003159
434 0
435 0
436 0
438 0.004597
443 0
444 0.000599
446 0.001858
448 0
451 0
452 0.001982
453 0
456 0
458 0.003993
459 0
461 0.000312
464 0.000553
466 0
469 0.002023
471 0
480 0.001294
483 0
485 0.000997
489 0
499 0
1218 0.000795
501 0
503 0
505 0
507 0
508 0
510 0
512 0.000876
513 0
514 0
516 0
521 0.003251
524 0
530 0
533 0
537 0.003025
538 0
540 0.00026
543 0
544 0
545 0
548 0.00201
549 0.00023
550 0
551 0
554 0
555 0
556 0.001445
557 0
558 0.004348
560 0.000422
564 0.001894
570 0
571 0
574 0
575 0.002472
576 0
577 0.000981
1233 0
581 0
583 0
1230 0.002236
584 0.000128
588 0
590 0.001547
592 0.001416
594 0
602 0.001788
610 0
611 0.003112
612 0.000746
614 0.001105
616 0.000622
621 0.000525
629 0.000404
632 0.00059
642 0
643 0
647 0.001769
649 0.000504
652 0.002164
654 0
657 0.001848
658 0.004832
660 0
662 0
668 0.002003
674 0.001536
675 0.001144
677 0
678 0
679 0.002024
681 0.003278
682 0.001038
685 0.008453
687 0
688 0.001093
690 0
695 0.00111
700 0.002022
702 0.000338
703 0.001282
706 0.000709
707 0.004541
708 0
710 0
712 0
714 0
715 0
716 0.000884
720 0.00014
723 0
724 0
725 0.000581
727 0.001667
728 0
729 0.003924
731 0.001105
732 0
733 0
742 0.000656
744 0
745 0
751 0
752 0.000599
753 0.003281
754 0
755 0.006799
756 0.001468
759 0.002839
761 0.000599
765 0
769 0.007132
770 0.00063
771 0.000816
772 0
774 7.44e-05
775 0.00131
777 0.000168
778 0
779 0
783 0
786 0
787 0.001683
788 0
789 0.000461
790 0
791 0
793 0
795 0.002553
796 0.00117
797 0
798 0
800 0.001139
802 0
803 0
807 0.001246
808 0.003234
811 0.002499
813 0.000975
814 0.002324
816 0
817 0
818 0
821 0
822 0.002292
825 0.000147
827 0
828 0.000441
829 0.004688
831 0
841 0
844 0.003192
849 0.000254
851 0.0011
852 0.000983
854 0
885 0.000474
894 0
906 0
907 0
909 0.000793
