108 0
110 0.012687
1268 0.002595
1259 0.001449
1250 0.004384
112 0.00057
113 0.002865
120 0
1271 0.00129
122 0
124 0.000388
1244 0.00137
126 0.003596
127 0.010418
128 0.000308
1263 0.00422
132 0.000253
134 0
140 0.001126
141 0.011939
145 0
147 0
148 0
149 0.000511
150 0
151 0
152 0
154 0.005001
158 0.002778
168 0
169 0.002785
171 0
1288 0.000226
174 0.023942
175 0.000941
177 0.002593
178 0
1302 0
179 0.005932
181 0.003134
182 0.002512
1265 0.006681
184 0.002783
185 0.001361
188 0.003446
189 0.004962
191 0.009534
192 0
195 0
197 0
1282 0.001268
1292 0.014154
204 0.003638
205 0.000367
212 0.015938
214 0
215 0
216 0.002597
217 0.004608
223 0.001739
225 0.001021
227 0.00349
229 0.017414
234 0.004609
236 0
237 0.0026
238 0
239 0.002901
241 0.020121
242 0
243 0
245 0.008478
246 0.000545
251 0.002506
252 0
253 0
262 0
266 0.000965
271 0.003921
274 0.0014
275 0.000504
276 0.001997
280 0.001297
283 0.00511
284 0.003446
287 0.00323
289 0.002574
290 0.000516
291 0.003786
1226 0.003259
295 0.005746
298 0.003775
299 0.001605
301 0.003023
302 0.004872
1227 0.002728
304 0.001175
305 0.004559
307 0.002715
315 0.004317
317 0.002596
1228 0.00301
324 0
326 0
328 0.002418
915 0.001403
916 0.005474
917 0.000648
918 0
919 0
920 0.01113
922 0
924 0.003538
927 0
928 0
929 0.001365
931 0
932 0.001101
934 0.007108
937 0.000633
938 0.006948
942 0.001148
3 0
947 0
948 0
949 0.001327
950 0.001734
952 0
953 0
954 0
956 0
958 0.000793
959 0
960 0
962 0
965 0
966 0
967 0
968 0.000756
971 0.001927
972 0
977 0.001279
978 0
979 0
980 0
981 0.024122
7 0
983 0
985 0
986 0.003339
987 0.000585
988 0
989 0
991 0.007851
994 0
998 0
1000 0
1002 0.000933
1003 0
1004 0.007246
1008 0.001297
1009 0.001633
1011 0.001724
1017 0.006685
1023 0.002598
1025 0
1026 0
1030 0
1032 0.001009
1033 0
1034 0
1035 0
1036 0
1037 0
1042 0
1043 0
1046 0.00444
1048 0.004052
1051 0
1052 0
1053 0.001788
1056 0
1057 0
1060 0
1062 0
1063 0
1068 0
1069 0
1070 0
1071 0.003074
1074 0.000911
1077 0
1078 0.004045
1079 0.001855
1080 0.001632
39 0.000626
1082 0
1083 0
1085 0
1086 0
1090 0
1093 0.005656
1094 0
1095 0.001928
1096 0.00291
1098 0
1100 0.001127
1101 0
1102 0
1103 0.001
1104 0
1106 0
1107 0.001179
1109 0.005169
1113 0
1115 0.004368
1118 0.000799
1120 0.002289
1121 0.004314
1123 0
1125 0.002111
1134 0.000768
1139 0
49 0.005292
52 0
1141 0.004165
1142 0.003047
1146 0.000933
1148 0.000865
1150 0.000788
1154 0
1157 0
1159 0
1160 0
1239 0
1163 0.001923
1164 0.016385
1165 0.002176
1168 0.000981
1170 0.004416
1171 0.003456
1176 0.000601
1187 0
73 0
84 0
89 0
1189 0
1190 0.001755
1192 0
1195 0.00163
1197 0.000303
99 0
1198 0.003908
1205 0.000952
1206 0.032736
1207 0.003117
1209 0
1210 0
1211 0.001141
1212 0
1213 0.001978
1232 0
1223 0
131 0
160 0
164 0
167 0
176 0
186 0
194 0.000703
198 0
199 0.000731
209 0.003454
221 0.002989
250 0.009916
260 0
267 0
279 0
285 0
293 0
296 0
297 0
329 0
331 0.002245
332 0.003483
334 0.002555
339 0.017098
343 0
345 0
1224 0.003595
349 0.005783
350 0
355 0.001398
356 0.000544
357 0.005187
358 0.004761
359 7e-04
360 0
367 0.000505
374 0
375 0
377 0
382 0
385 0
388 0
389 0.001642
390 0.003506
391 0.001084
394 0
395 0
396 0
397 0.003071
399 0
400 0
403 0
406 0
408 0.005938
411 0
413 0.010593
418 0
419 0.002187
422 0.008726
423 0
426 0.000325
427 0.000563
428 0.001918
430 0.004743
432 0.00072
433 0.002488
434 0
435 0
436 0
438 0.00657
443 0.001939
444 0.00155
446 0.00681
448 0
451 0.000223
452 0.00261
453 0
456 0
458 0.006138
459 0
461 0.002069
464 0
466 0
469 0.002251
471 0
480 0.000786
483 0
485 0.002704
489 0
499 0
1218 0.000534
501 0
503 0.000526
505 0.016131
507 0.001983
508 0.00219
510 0
512 0.001937
513 0.002918
514 0
516 0.001139
521 0.004459
524 0
530 0
533 0
537 0.004407
538 0.001144
540 0
543 0
544 0.001575
545 0
548 0
549 0.000217
550 0
551 0
554 0.003432
555 0
556 0.001911
557 0
558 0.012679
560 0.000267
564 0.00284
570 0
571 0
574 0.000397
575 0.002255
576 0
577 0
1233 0.001225
581 0.000309
583 0
1230 0.002444
584 0
588 6.37e-05
590 0.005079
592 0.001999
594 0
602 0.001648
610 0
611 0.006259
612 0.00309
614 0.001499
616 0.000152
621 0
629 0
632 0
642 0
643 0
647 0.001985
649 0.001011
652 0.003334
654 0
657 0.001818
658 0.004958
660 0
662 0.007626
668 0.002985
674 0.004581
675 0.001602
677 0.002817
678 0.000926
679 0.001919
681 0.00288
682 0
685 0.00852
687 0
688 0.002071
690 0
695 0.001306
700 0.003364
702 0
703 0.000585
706 0
707 0.004995
708 0.000856
710 0
712 0
714 0
715 0
716 0
720 0
723 0
724 0
725 0
727 0.00749
728 0
729 0.005835
731 0.001664
732 0
733 0.001294
742 0.003048
744 0.001166
745 0
751 0.00174
752 0
753 0.004053
754 0
755 0.016796
756 0.00292
759 0.004176
761 0.001315
765 0
769 0.009876
770 0
771 0.001248
772 0
774 0.000657
775 0.002985
777 0
778 0
779 0
783 0.002382
786 0.005775
787 0
788 0
789 0.000565
790 0
791 0.00181
793 0
795 0.006689
796 0.000113
797 0
798 0
800 0
802 0
803 0
807 0.003064
808 0.005091
811 0.004197
813 0.000319
814 0.004126
816 0.000718
817 0
818 0
821 0
822 0
825 0
827 0
828 0.005954
829 0.003469
831 0
841 0.001584
844 0.001964
849 0.000876
851 0.002004
852 0.000841
854 0
885 0.00499
894 0
906 0
907 0
909 0.00088
