108 0
110 0.000539
1268 0.000782
1259 0
1250 0
112 8.99e-05
113 0.000113
120 0
1271 0.00017
122 0.000126
124 0
1244 0
126 0.000164
127 0
128 8.92e-05
1263 0
132 0.000313
134 0
140 0.000225
141 0
145 0.006017
147 0.000277
148 0.002243
149 0.00014
150 0.001095
151 0.001081
152 0.001602
154 0
158 9.85e-05
168 0
169 0.00069
171 0.002318
1288 0
174 0.000403
175 0.000581
177 0
178 0
1302 0.005025
179 0
181 0.000214
182 0.000163
1265 0
184 0.00087
185 0.000487
188 0
189 0.00043
191 0.001673
192 0.002726
195 0.000371
197 0
1282 0.000226
1292 0.00056
204 0.000481
205 0.000246
212 0.000684
214 0.001023
215 0.000255
216 0.000195
217 0.000263
223 0.003544
225 0.00077
227 0.003498
229 0.000528
234 0
236 0.000672
237 0.000177
238 0
239 0.000506
241 0.000421
242 0.001029
243 0
245 0.000361
246 0
251 0
252 0
253 0
262 0.000228
266 0
271 0.000619
274 0
275 0.001712
276 0.00062
280 0.000691
283 0
284 0.000169
287 0.000432
289 0.001634
290 0.000124
291 0.000458
1226 0.000553
295 0.002939
298 0.000233
299 0
301 0.000208
302 0.000211
1227 0.000158
304 0
305 0
307 0.000178
315 0.000395
317 0.002398
1228 0.000855
324 0
326 0
328 0.000152
915 0
916 0
917 0
918 0
919 0
920 0.000156
922 0
924 0
927 0
928 0
929 0.000931
931 0
932 0
934 0.000197
937 0
938 0.001257
942 0.000259
3 0
947 0
948 0
949 0
950 0
952 0
953 0
954 0
956 0
958 0
959 0
960 0.001564
962 0
965 0.001818
966 0.000315
967 0.000209
968 0.001089
971 0.000524
972 0
977 0.000116
978 0.000552
979 0
980 0
981 0.000889
7 0
983 0
985 0
986 0
987 0
988 0
989 0
991 0.00072
994 0.000474
998 0
1000 0
1002 0.000318
1003 0
1004 0
1008 0
1009 0
1011 0
1017 0.000324
1023 0.000408
1025 0
1026 0
1030 0
1032 0
1033 0
1034 0
1035 0
1036 0
1037 0.001683
1042 0.000371
1043 0
1046 0.000127
1048 0
1051 0
1052 0.000458
1053 0
1056 0
1057 0.0038
1060 0
1062 0.001437
1063 0.000768
1068 0
1069 0.002643
1070 0.000655
1071 0.001297
1074 0
1077 0.001003
1078 0
1079 0.000257
1080 0.008184
39 0
1082 0.000424
1083 0
1085 0
1086 0
1090 0.000313
1093 0.000398
1094 0.000313
1095 0
1096 0.003824
1098 0
1100 0
1101 0
1102 0
1103 0.00099
1104 0
1106 0.00654
1107 0
1109 0.000212
1113 0.004964
1115 0
1118 0.000435
1120 0.000973
1121 0
1123 0.000813
1125 0
1134 0
1139 0
49 0
52 0.001875
1141 0.000505
1142 0
1146 0.000233
1148 0
1150 0
1154 0.00029
1157 0
1159 0
1160 0
1239 0
1163 0
1164 0.000582
1165 0
1168 0
1170 0
1171 0.000185
1176 0
1187 0.000613
73 0
84 0
89 0
1189 0
1190 0
1192 0
1195 0
1197 0
99 0
1198 0
1205 0
1206 0.000774
1207 0
1209 0
1210 0.000319
1211 0
1212 0
1213 0
1232 0
1223 0
131 0
160 0
164 0
167 0
176 0
186 0
194 0
198 0
199 0
209 0
221 0.000259
250 0
260 0
267 0
279 0
285 0
293 0
296 0
297 0
329 0
331 0
332 0.000295
334 0.000895
339 0.001926
343 0
345 0.001143
1224 0
349 0
350 0
355 0.000213
356 0
357 0.001478
358 0.000468
359 0
360 0
367 0.00087
374 0
375 0
377 0.001564
382 0
385 0
388 0
389 0
390 0
391 0
394 0
395 0
396 0
397 0
399 0
400 0
403 0
406 0
408 0
411 0.000272
413 0.000312
418 0
419 0
422 0.000307
423 0
426 0
427 0.000855
428 0
430 0.001309
432 0
433 0.000736
434 0
435 0
436 0
438 9.78e-05
443 0
444 0.000269
446 0
448 0
451 0
452 0.000557
453 0
456 0
458 0.000492
459 0.000758
461 0
464 0
466 0
469 0.000822
471 0
480 0
483 0
485 0.001097
489 0
499 0
1218 0.000303
501 0.000832
503 0.000987
505 0
507 0
508 0.000638
510 0
512 0
513 0.003411
514 0.000604
516 0.00027
521 0
524 0.001802
530 0
533 0
537 0.000805
538 0
540 0
543 0.0022
544 0.000599
545 0
548 0
549 0.000163
550 0
551 0.000297
554 0
555 0
556 0.00029
557 0
558 0
560 0.000153
564 0.000353
570 0.000512
571 0
574 0
575 0.000203
576 0.000714
577 0.000213
1233 0
581 0
583 0
1230 0
584 0
588 0
590 0
592 0.000489
594 0
602 0.002916
610 0
611 0
612 0.000996
614 0
616 0
621 0.00035
629 0
632 0
642 0.000877
643 0
647 0
649 0.000185
652 0
654 0
657 0
658 0
660 0.003684
662 0.000792
668 0.000268
674 0.000913
675 0.000212
677 0.000401
678 0
679 0.000256
681 0.000636
682 0.000234
685 0.000184
687 0
688 0.000935
690 0.006064
695 0
700 0.000756
702 0.000561
703 0.000655
706 0
707 0
708 0
710 0
712 0.001073
714 0.001519
715 0
716 0
720 0
723 0.000326
724 0
725 0.000278
727 0
728 0
729 0.001505
731 6.96e-05
732 0
733 0.000236
742 0.001074
744 0
745 0.000868
751 0.001055
752 0
753 0.000215
754 0.002039
755 0.000798
756 0.000238
759 0.000189
761 0.001135
765 0
769 0.000396
770 0
771 0.00019
772 0.000722
774 0.000276
775 0.000886
777 0.000251
778 0.001091
779 0.000425
783 0
786 0.003423
787 0.001188
788 0.02374
789 0
790 0
791 0.002599
793 0.000291
795 0.000576
796 0
797 0.002832
798 0
800 0
802 0.000883
803 0
807 0.000283
808 0.00042
811 0.001475
813 0.000128
814 0.000196
816 0
817 0
818 0.002423
821 0.000966
822 0
825 0
827 0
828 0.000687
829 0.000348
831 0
841 0.002385
844 0
849 0
851 2e-04
852 0.000134
854 0.001616
885 0
894 0
906 0
907 0.003027
909 0
