108 0.252946
110 0.420356
1268 0.396547
1259 0.333283
1250 0.3295
112 0.366285
113 0.33313
120 0.415403
1271 0.412492
122 0.31306
124 0.373207
1244 0.550105
126 0.388444
127 0.429003
128 0.325125
1263 0.311289
132 0.369684
134 0.224921
140 0.351897
141 0.317937
145 0.445859
147 0.18093
148 0.360829
149 0.223309
150 0.240442
151 0.379581
152 0.509144
154 0.393233
158 0.259298
168 0.339022
169 0.369603
171 0.344782
1288 0.265172
174 0.259513
175 0.366123
177 0
178 0.195937
1302 0.632792
179 0.305883
181 0
182 0
1265 0.416364
184 0.658357
185 0.372561
188 0.466429
189 0
191 0.664996
192 0.71684
195 0.388182
197 0.155683
1282 0.515945
1292 0.431999
204 0
205 0.458693
212 0.427527
214 0.34401
215 0.561801
216 0.261797
217 0.562539
223 0.485512
225 0.458272
227 0.363864
229 0
234 0
236 0
237 0.175977
238 0.266263
239 0.246352
241 0.412066
242 0.38843
243 0.298851
245 0.176147
246 0
251 0.099188
252 0
253 0.229538
262 0.29418
266 0.263496
271 0.485346
274 0
275 0.50513
276 0.417148
280 0.372298
283 0.529145
284 0.793863
287 0
289 0.532428
290 0.399089
291 0.542211
1226 0.512285
295 0.479309
298 0
299 0.235491
301 0
302 0.560055
1227 0.369611
304 0.308666
305 0.339778
307 0
315 0.382973
317 0.497857
1228 0.327051
324 0.365086
326 0.452581
328 0.456313
915 0.219784
916 0.569653
917 0.227059
918 0.298165
919 0.149017
920 0.513633
922 0.263033
924 0.268444
927 0.053164
928 0
929 0.42166
931 0.464835
932 0.363833
934 0.629841
937 0.307909
938 0.485273
942 0.259991
3 0.094923
947 0.373096
948 0.511795
949 0.194361
950 0.316599
952 0.34748
953 0.290519
954 0.110525
956 0.110141
958 0.577329
959 0.391783
960 0.349243
962 0.660224
965 0.306303
966 0.299791
967 0.364165
968 0.405065
971 0.386873
972 0.508447
977 0.411001
978 0
979 0.277969
980 0.46222
981 0.481331
7 0.149662
983 0.191816
985 0
986 0.085729
987 0.154916
988 0.551819
989 0.109582
991 0.334617
994 0.360045
998 0.231101
1000 0.149458
1002 0
1003 0.21181
1004 0
1008 0.227663
1009 0.316317
1011 0
1017 0.562625
1023 0.356333
1025 0.513921
1026 0.38119
1030 0.324277
1032 0.324479
1033 0.22665
1034 0.469255
1035 0.130741
1036 0.287816
1037 0.4806
1042 0.49056
1043 0.5656
1046 0.304776
1048 0.658816
1051 0.345407
1052 0.546662
1053 0.102936
1056 0.343483
1057 0.758225
1060 0
1062 0.631922
1063 0.397279
1068 0.429178
1069 0.589947
1070 0.600597
1071 0.187799
1074 0.303049
1077 0.6217
1078 0.253132
1079 0.515459
1080 0.594433
39 0
1082 0.723149
1083 0.049458
1085 0.108673
1086 0.238199
1090 0.462151
1093 0.370474
1094 0.613515
1095 0.244391
1096 0.640896
1098 0.112928
1100 0.332051
1101 0.13403
1102 0.138429
1103 0.51027
1104 0.451613
1106 0.505514
1107 0
1109 0.379324
1113 0.692021
1115 0
1118 0.569963
1120 0.623623
1121 0.175337
1123 0.365473
1125 0.23435
1134 0.201748
1139 0.44853
49 0.241625
52 0.272996
1141 0
1142 0.144786
1146 0.638132
1148 0.226069
1150 0.265667
1154 0.173664
1157 0.171242
1159 0.129554
1160 0.264721
1239 0.38864
1163 0.190048
1164 0
1165 0.346309
1168 0.25264
1170 0.324371
1171 0.223665
1176 0
1187 0.456333
73 0.091708
84 0.118337
89 0.322951
1189 0.21458
1190 0.231904
1192 0.295148
1195 0.241375
1197 0.331092
99 0.190952
1198 0
1205 0.330628
1206 0.380339
1207 0.295915
1209 0.435192
1210 0.235527
1211 0.523264
1212 0.273348
1213 0.317221
1232 0.346614
1223 0.19312
131 0.064466
160 0.217973
164 0.123086
167 0.100029
176 0.255205
186 0.120013
194 0.358503
198 0
199 0.052109
209 0.245522
221 0
250 0
260 0.400546
267 0.240965
279 0.165911
285 0.140786
293 0.055618
296 0.18657
297 0.121836
329 0.161844
331 0.186358
332 0.384929
334 0.242951
339 0
343 0.467507
345 0.446251
1224 0.255806
349 0.331721
350 0.153841
355 0.521132
356 0.26346
357 0.427075
358 0.323931
359 0.4135
360 0.319854
367 0.345664
374 0.37188
375 0.312853
377 0.421217
382 0.282792
385 0.220926
388 0.118108
389 0.26433
390 0
391 0
394 0.303524
395 0.293665
396 0.359721
397 0.405733
399 0.096266
400 0.238663
403 0.033442
406 0.199036
408 0.1646
411 0.346271
413 0
418 0.06425
419 0.217574
422 0.583614
423 0.191588
426 0.395122
427 0.531842
428 0.278101
430 0.495062
432 0.453488
433 0.457371
434 0.6286
435 0.108418
436 0.330475
438 0.541717
443 0.100496
444 0.548788
446 0.317047
448 0.200137
451 0.187398
452 0.638932
453 0.193273
456 0.350805
458 0.349555
459 0
461 0
464 0.406363
466 0.324271
469 0.312583
471 0.329486
480 0.563572
483 0.308108
485 0.513565
489 0.133067
499 0.268931
1218 0.497365
501 0.315495
503 0.554524
505 0.325567
507 0.537618
508 0
510 0.891004
512 0.322099
513 0.627982
514 0.412015
516 0.45409
521 0.420537
524 0.639369
530 0.352031
533 0.604834
537 0.212844
538 0.313091
540 0
543 0.489651
544 0.257787
545 0.29014
548 0.22499
549 0.255311
550 0.279093
551 0.277838
554 0.269432
555 0.36272
556 0.620598
557 0.249282
558 0.602164
560 0.457913
564 0.412657
570 0.4863
571 0.267178
574 0
575 0.40915
576 0.609545
577 0.357393
1233 0
581 0.262931
583 0.367832
1230 0.234142
584 0
588 0.234649
590 0.340699
592 0.306219
594 0.50864
602 0.497468
610 0.298501
611 0.414399
612 0.379061
614 0.182312
616 0.201339
621 0.475237
629 0.390172
632 0.269831
642 0.469288
643 0.583843
647 0.460045
649 0.270787
652 0.211097
654 0.43879
657 0.38624
658 0
660 0.590734
662 0.206068
668 0.372604
674 0.586801
675 0.368584
677 0.31884
678 0.525322
679 0.58064
681 0.593795
682 0.626767
685 0.39841
687 0.123305
688 0.429617
690 0.67895
695 0.534868
700 0.353562
702 0.315207
703 0.457554
706 0.294662
707 0
708 0.47606
710 0
712 0.455527
714 0.500425
715 0
716 0.166268
720 0.193468
723 0.289264
724 0.081509
725 0.223463
727 0.152358
728 0.133707
729 0.480814
731 0.168896
732 0.291628
733 0.226749
742 0.397289
744 0.275612
745 0.465463
751 0.578571
752 0.396952
753 0.316187
754 0.285149
755 0.262086
756 0.561979
759 0.401466
761 0.213105
765 0.427718
769 0.334696
770 0.1422
771 0.293844
772 0.525582
774 0.301251
775 0.476938
777 0.337605
778 0.347943
779 0.340858
783 0.329404
786 0.455566
787 0.275639
788 0.474438
789 0.11913
790 0.17681
791 0.473812
793 0.330597
795 0.293972
796 0.254217
797 0.39779
798 0.179972
800 0
802 0.476455
803 0.181562
807 0.49395
808 0.473497
811 0.550376
813 0.240366
814 0
816 0.119065
817 0.370185
818 0.561048
821 0.3521
822 0.223161
825 0.294927
827 0.215685
828 0.387046
829 0.252941
831 0
841 0.457848
844 0.169888
849 0.281628
851 0.309452
852 0.257438
854 0.613296
885 0.678325
894 0.341263
906 0.147301
907 0.533232
909 0.109795
