108 0.013093
110 0.002822
1268 0.010848
1259 0.010333
1250 0.009493
112 0.006092
113 0.009367
120 0.014449
1271 0.015976
122 0.016853
124 0.01002
1244 0.009276
126 0.007803
127 0.017124
128 0.009325
1263 0.011664
132 0.010764
134 0.013619
140 0.010119
141 0.010152
145 0.008561
147 0.016207
148 0.02216
149 0.011091
150 0.003019
151 0.010646
152 0.021479
154 0.005851
158 0.009686
168 0.018062
169 0.010539
171 0.022809
1288 0.007111
174 0.012003
175 0.020094
177 0.0041
178 0.026247
1302 0.020213
179 0.007512
181 0.008806
182 0.007589
1265 0.010211
184 0.014187
185 0.00721
188 0.016181
189 0.007655
191 0.004311
192 0.023981
195 0.016711
197 0
1282 0.014511
1292 0.013145
204 0.008985
205 0.00856
212 0.003414
214 0.014515
215 0.007962
216 0.012378
217 0.005907
223 0.014973
225 0.015963
227 0.004675
229 0.008319
234 0.007519
236 0.011948
237 0.012662
238 0
239 0.002439
241 0.005238
242 0.009966
243 0.026119
245 0.01021
246 0.008748
251 0
252 0
253 0.011995
262 0.011224
266 0.011372
271 0.006236
274 0.010762
275 0.023155
276 0.012658
280 0.017337
283 0.007385
284 0.009846
287 0.007665
289 0.021203
290 0.011342
291 0.008321
1226 0.00929
295 0.02312
298 0.007814
299 0.009271
301 0.008916
302 0.009154
1227 0.008654
304 0.007769
305 0.007497
307 0.006511
315 0.013819
317 0.023217
1228 0.022962
324 0
326 0.004349
328 0.017402
915 0.012248
916 0.006123
917 0.01946
918 0.022894
919 0.025483
920 0.010552
922 0
924 0.012746
927 0.020288
928 0.01371
929 0.013297
931 0.02192
932 0.010973
934 0.008091
937 0.008353
938 0.012179
942 0.01201
3 0.009297
947 0.023728
948 0.014378
949 0.01078
950 0.012506
952 0.016893
953 0.016208
954 0.01317
956 0.016002
958 0.014721
959 0.015589
960 0.002731
962 0.020155
965 0.00299
966 0.013605
967 0.012443
968 0.007333
971 0.017756
972 0.014789
977 0.012779
978 0.009114
979 0.00359
980 0.011881
981 0.004483
7 0.009598
983 0
985 0.010803
986 0.007361
987 0.010326
988 0.010542
989 0.013086
991 0.005242
994 0.010599
998 0.016723
1000 0.016306
1002 0.007173
1003 0.008987
1004 0.007834
1008 0.019016
1009 0.011151
1011 0.013414
1017 0.005091
1023 0.005579
1025 0.021652
1026 0.018913
1030 0.00849
1032 0.017114
1033 0.015392
1034 0.022392
1035 0.018508
1036 0.017414
1037 0.017709
1042 0.010731
1043 0.015448
1046 0.020581
1048 0.00992
1051 0.035502
1052 0.016305
1053 0.017502
1056 0.015631
1057 0.020571
1060 0.014802
1062 0.014972
1063 0.019
1068 0.010585
1069 0.018101
1070 0.009434
1071 0.005988
1074 0.014346
1077 0.014453
1078 0.011424
1079 0.013584
1080 0.007972
39 0.00963
1082 0.013796
1083 0.020211
1085 0.008941
1086 0.018389
1090 0.016196
1093 0.00903
1094 0.024751
1095 0.00435
1096 0.022895
1098 0.01184
1100 0.013477
1101 0.006151
1102 0.015424
1103 0.015664
1104 0.022727
1106 0.021922
1107 0.011031
1109 0.005191
1113 0.028013
1115 0.01315
1118 0.010279
1120 0.010083
1121 0.011517
1123 0.018891
1125 0.01305
1134 0.010452
1139 0.026813
49 0.007718
52 0.016487
1141 0.006997
1142 0.009988
1146 0.013964
1148 0.01742
1150 0.013217
1154 0.012727
1157 0.015853
1159 0.010685
1160 0.014958
1239 0.026795
1163 0.016948
1164 0.005839
1165 0.00731
1168 0.013625
1170 0.007951
1171 0.009952
1176 0.009627
1187 0.018632
73 0.012585
84 0.03064
89 0.042483
1189 0.013972
1190 0.010825
1192 0.019684
1195 0.005276
1197 0.016102
99 0.024882
1198 0.01071
1205 0.015763
1206 0.005288
1207 0.003198
1209 0.021986
1210 0.010463
1211 0.019172
1212 0.025468
1213 0.010492
1232 0.015213
1223 0.018703
131 0.012366
160 0.014492
164 0.008503
167 0
176 0.010364
186 0.010627
194 0.012591
198 0.005034
199 0.010231
209 0.006905
221 0.005646
250 0.011819
260 0.010691
267 0.007508
279 0
285 0.018109
293 0.011023
296 0.012216
297 0.020362
329 0.018066
331 0.00886
332 0.012479
334 0
339 0.013901
343 0
345 0
1224 0.029816
349 0.010261
350 0.015863
355 0.012735
356 0.019329
357 0
358 0.013734
359 0.018665
360 0.02035
367 0.004189
374 0.019983
375 0.011276
377 0.023055
382 0.032668
385 0.008974
388 0
389 0.015665
390 0.009543
391 0.009343
394 0.008774
395 0.003614
396 0.017351
397 0.008387
399 0.019065
400 0.018726
403 0.015749
406 0.021284
408 0.013982
411 0.015907
413 0.008703
418 0
419 0.01187
422 0.010234
423 0
426 0.012343
427 0.023714
428 0.022817
430 0.002112
432 0.018295
433 0.011902
434 0
435 0.013969
436 0.011529
438 0.007612
443 0.011043
444 0.009304
446 0.014576
448 0.006741
451 0.015449
452 0.011905
453 0.019519
456 0.015118
458 0.008584
459 0.009243
461 0
464 0.012661
466 0.010628
469 0.019016
471 0.014429
480 0.00986
483 0.012661
485 0.006713
489 0.014256
499 0.015668
1218 0.018756
501 0.013596
503 0.012138
505 0.005115
507 0.008855
508 0.007297
510 0.01549
512 0.013637
513 0.006019
514 0.010039
516 0.014515
521 0.012835
524 0.013352
530 0.022321
533 0.01687
537 0.015275
538 0.011789
540 0.00422
543 0.011875
544 0.008116
545 0.018604
548 0.02236
549 0.013306
550 0.020481
551 0.015873
554 0.008868
555 0.0134
556 0.010892
557 0.019825
558 0.005769
560 0.01061
564 0.008809
570 0.010321
571 0.012188
574 0.007354
575 0.018582
576 0.010755
577 0.012492
1233 0.003851
581 0.007102
583 0.0261
1230 0.015817
584 0.008567
588 0.015895
590 0.008259
592 0.016482
594 0.01188
602 0.022346
610 0.021934
611 0.010901
612 0.017689
614 0.016845
616 0.013706
621 0.0197
629 0.012464
632 0.017301
642 0.007021
643 0.003763
647 0.013722
649 0.016353
652 0.015657
654 0.018204
657 0.013991
658 0.01002
660 0
662 0
668 0.008837
674 0.012757
675 0.009768
677 0.010844
678 0.015444
679 0.009964
681 0.015009
682 0.016793
685 0.006219
687 0.020846
688 0.016624
690 0.0154
695 0.0114
700 0.012576
702 0.012232
703 0.013168
706 0.009218
707 0.00719
708 0.010472
710 0.010615
712 0.013201
714 0.014361
715 0
716 0.018476
720 0.009803
723 0.014114
724 0.023206
725 0.009555
727 0.005651
728 0.025276
729 0.011604
731 0.017301
732 0.020162
733 0.016705
742 0.007371
744 0.017835
745 0.009519
751 0.007973
752 0.017458
753 0.012757
754 0
755 0.00433
756 0.013026
759 0.015302
761 0.006161
765 0.015915
769 0.01477
770 0.025467
771 0.012734
772 0.01359
774 0.009307
775 0.013885
777 0.013511
778 0.020716
779 0.002602
783 0.013777
786 0.008101
787 0.016818
788 0.015711
789 0.016708
790 0.017514
791 0.022147
793 0.019208
795 0.002903
796 0.012558
797 0.020476
798 0.013464
800 0.009039
802 0.025175
803 0.012281
807 0.008366
808 0.009849
811 0.011749
813 0.017368
814 0.003283
816 0.010373
817 0.019039
818 0.007557
821 0.016707
822 0.010361
825 0.017573
827 0.010772
828 0.002785
829 0.008946
831 0.016128
841 0.029584
844 0.01436
849 0.008672
851 0.012088
852 0.019262
854 0.01135
885 0.008278
894 0.020591
906 0.011931
907 0.013824
909 0.014619
