108 0.386418
110 0.283981
1268 0.107312
1259 0
1250 0.125637
112 0.073422
113 0.097295
120 0.149529
1271 0.167978
122 0.095797
124 0.128907
1244 0
126 0.096875
127 0.172692
128 0.088943
1263 0.112321
132 0.073351
134 0.386401
140 0.30543
141 0.016618
145 0.23925
147 0.127619
148 0.121237
149 0
150 0.45188
151 0.181898
152 0.242521
154 0.317719
158 0.145238
168 0.175098
169 0.154224
171 0.301381
1288 0.142291
174 0.095871
175 0.13512
177 0.335758
178 0.740085
1302 0.119472
179 0.109563
181 0.318007
182 0.34509
1265 0.224759
184 0.213435
185 0.389216
188 0.113578
189 0.602644
191 0.06013
192 0.085901
195 0.371234
197 0.565624
1282 0.265493
1292 0.193479
204 0.47234
205 0.136586
212 0.134286
214 0.267469
215 0.120251
216 0.347323
217 0
223 0.214784
225 0.217382
227 0.332646
229 0.399315
234 0.406856
236 0.502377
237 0.08118
238 0.212639
239 0.121324
241 0.166825
242 0.250637
243 0.180771
245 0.416994
246 0.089022
251 0.415634
252 0
253 0.212843
262 0.270586
266 0.510711
271 0.130949
274 0.382055
275 0.258868
276 0.26037
280 0.243491
283 0.096865
284 0
287 0.420839
289 0.078584
290 0.076798
291 0.094431
1226 0.138235
295 0.270073
298 0
299 0.293282
301 0.299241
302 0.233948
1227 0.233574
304 0.139361
305 0.133623
307 0.285473
315 0.125844
317 0.134832
1228 0.212142
324 0.217394
326 0.285163
328 0.097654
915 0.441342
916 0.356091
917 0.496702
918 0.248107
919 0.169857
920 0.174875
922 0.637009
924 0.588658
927 0.304979
928 0.829648
929 0.128585
931 0.373457
932 0.494199
934 0
937 0.378636
938 0.264949
942 0.46684
3 0.186849
947 0.49616
948 0.37039
949 0.217712
950 0.170253
952 0.426957
953 0.209249
954 0.185483
956 0.240608
958 0.248505
959 0.229577
960 0.304693
962 0.119404
965 0.398117
966 0.101486
967 0.173356
968 0.318569
971 0.14907
972 0.130536
977 0.200658
978 0.293958
979 0.589446
980 0.092839
981 0.202949
7 0.61619
983 0.277394
985 0.304407
986 0.459896
987 0.113996
988 0.178348
989 0.276892
991 0.189308
994 0.31968
998 0.240907
1000 0.207375
1002 0.423585
1003 0.572682
1004 0
1008 0.473431
1009 0.355276
1011 0.302344
1017 0.163287
1023 0.389166
1025 0.274973
1026 0.323522
1030 0.49169
1032 0.448306
1033 0.429703
1034 0.119909
1035 0.408414
1036 0.345948
1037 0.151367
1042 0.247253
1043 0.283007
1046 0.530502
1048 0.152003
1051 0.295523
1052 0.119199
1053 0.355635
1056 0.14238
1057 0.11938
1060 0.075181
1062 0.103903
1063 0.192927
1068 0.325843
1069 0.169215
1070 0.197115
1071 0.681594
1074 0.375344
1077 0.132422
1078 0.521677
1079 0.090483
1080 0.169039
39 0.839938
1082 0.072212
1083 0.231958
1085 0.102674
1086 0.247004
1090 0.223634
1093 0.098534
1094 0.079594
1095 0.468179
1096 0.101205
1098 0.652756
1100 0.396018
1101 0.168183
1102 0.116026
1103 0.122521
1104 0.228923
1106 0.195131
1107 0.760253
1109 0.449882
1113 0
1115 0.624346
1118 0.301945
1120 0.275031
1121 0.644561
1123 0.177304
1125 0.197426
1134 0.501444
1139 0.244302
49 0.424564
52 0.338302
1141 0.413395
1142 0.300784
1146 0.11399
1148 0.225345
1150 0.182133
1154 0.195462
1157 0.220519
1159 0.199461
1160 0.491906
1239 0
1163 0.3442
1164 0.508114
1165 0.324549
1168 0.199219
1170 0.14651
1171 0.528546
1176 0
1187 0.311982
73 0.692246
84 0.182888
89 0.248572
1189 0.406155
1190 0.276046
1192 0.347448
1195 0.434119
1197 0.432777
99 0.302181
1198 0.210981
1205 0.3084
1206 0.071916
1207 0.519365
1209 0.343855
1210 0.255118
1211 0.363442
1212 0.349551
1213 0.095554
1232 0.267664
1223 0.32355
131 0.299248
160 0.351544
164 0.584249
167 0.231459
176 0.353863
186 0.284241
194 0.337036
198 0.19203
199 0.329227
209 0.550186
221 0.809838
250 0.438876
260 0.343135
267 0.292387
279 0.208693
285 0.395405
293 0.07493
296 0.321784
297 0.345627
329 0.420504
331 0
332 0.175328
334 0.499115
339 0.719841
343 0.140709
345 0.255297
1224 0.312851
349 0.10093
350 0
355 0.096282
356 0.068375
357 0.196146
358 0.242115
359 0.097821
360 0.422369
367 0.072572
374 0.196446
375 0.213995
377 0.131555
382 0.366563
385 0.35215
388 0.190144
389 0.101188
390 0.24579
391 0.316779
394 0.242187
395 0.051269
396 0.164043
397 0.096149
399 0.396958
400 0.205736
403 0.076218
406 0.440154
408 0.186132
411 0.056957
413 0.657107
418 0.125913
419 0.164719
422 0.232147
423 0.662358
426 0.174811
427 0.248233
428 0.385629
430 0.184699
432 0.271014
433 0.277635
434 0.224046
435 0.218521
436 0.669525
438 0
443 0.316637
444 0.173311
446 0.511534
448 0.64833
451 0.427615
452 0.19033
453 0.452899
456 0.531118
458 0.285296
459 0.435795
461 0.336957
464 0.160155
466 0.273964
469 0.118714
471 0.32954
480 0.182534
483 0.342023
485 0.147618
489 0.295104
499 0.205279
1218 0.074179
501 0.286479
503 0.213852
505 0.255329
507 0.131887
508 0.586006
510 0
512 0.119607
513 0.05343
514 0.191427
516 0.159353
521 0.125539
524 0.167988
530 0.336251
533 0.077715
537 0.170529
538 0.192911
540 0
543 0.176716
544 0.396577
545 0.347211
548 0.246885
549 0.212653
550 0.482639
551 0.402465
554 0.239563
555 0.427435
556 0
557 0.457847
558 0.064143
560 0.128151
564 0.100361
570 0.32208
571 0.399808
574 0.733524
575 0.180082
576 0.215364
577 0.13495
1233 0.317281
581 0.084005
583 0.267755
1230 0.243523
584 0.080396
588 0.23453
590 0.292925
592 0.186212
594 0.225313
602 0.086457
610 0.200778
611 0.108735
612 0.093659
614 0.143633
616 0.512055
621 0.238411
629 0.145759
632 0.415651
642 0.244697
643 0
647 0.188614
649 0.360627
652 0.440236
654 0.324139
657 0.169714
658 0
660 0.246366
662 0.498813
668 0.357504
674 0.070673
675 0.307197
677 0.111394
678 0.100795
679 0.078463
681 0.12813
682 0.080577
685 0.379964
687 0.441678
688 0.148442
690 0.158716
695 0.177677
700 0.17148
702 0.102463
703 0.19795
706 0.150084
707 0
708 0.248028
710 0.611025
712 0.143754
714 0.23187
715 0.535087
716 0.189994
720 0.204015
723 0.37571
724 0.724305
725 0.411093
727 0.488539
728 0.142149
729 0.296349
731 0.644848
732 0.24417
733 0.516421
742 0.070599
744 0.472044
745 0.151353
751 0.093243
752 0.210799
753 0.508853
754 0.276308
755 0.41264
756 0.039859
759 0.243328
761 0.481536
765 0.218255
769 0.198857
770 0.482629
771 0.475312
772 0.117774
774 0.37961
775 0.117963
777 0.358921
778 0.260094
779 0.202148
783 0.191111
786 0.268307
787 0.268854
788 0.246795
789 0.249672
790 0.238468
791 0.295108
793 0.363384
795 0.443458
796 0.544573
797 0.292146
798 0.275844
800 0.471846
802 0.330154
803 0.26778
807 0.21059
808 0.186768
811 0.107919
813 0.218244
814 0.572048
816 0.325481
817 0.210485
818 0
821 0.210057
822 0.337631
825 0.398835
827 0.362463
828 0.359849
829 0
831 0.659537
841 0.176043
844 0.275409
849 0.339439
851 0.255037
852 0.055236
854 0.183064
885 0
894 0
906 0.285943
907 0.226194
909 0.307252
