108 0.002036
110 0.005155
1268 0
1259 0.000848
1250 0.000681
112 0.002741
113 0.000962
120 0.001564
1271 0.001831
122 0.005118
124 0.001474
1244 0.000219
126 0.003407
127 0
128 0
1263 0
132 0
134 0
140 0.001378
141 0.001464
145 0
147 0.001523
148 0
149 0
150 0
151 0
152 0
154 0
158 0.000925
168 0.002086
169 0
171 0
1288 0.00408
174 0.014423
175 0.001042
177 0
178 0
1302 0
179 0
181 0
182 0.002678
1265 0.000166
184 0.000793
185 0
188 0
189 0
191 0
192 0.000563
195 0
197 0
1282 0
1292 0
204 0.005556
205 0.002696
212 0.004919
214 0
215 0.001079
216 0
217 0.000541
223 0
225 0
227 0
229 0.009396
234 0
236 0
237 0
238 0
239 0
241 0.001911
242 0
243 0
245 0.006725
246 0.002034
251 0
252 0
253 0.007795
262 0
266 0
271 0.001539
274 0.001548
275 0
276 0
280 0
283 0
284 0.00107
287 0.002263
289 0
290 0.00088
291 0
1226 0.002071
295 0
298 0.003659
299 0
301 0
302 0.002005
1227 0
304 0
305 0.009155
307 0.007043
315 0
317 0
1228 0
324 0
326 0.000567
328 0.000266
915 0.012245
916 0
917 0
918 0
919 0
920 0
922 0
924 0
927 0
928 0
929 0.001399
931 0
932 0.003202
934 0.000106
937 0.013874
938 0.005378
942 0.005217
3 0
947 0
948 0
949 0.000828
950 0
952 0
953 0
954 0
956 0.002153
958 0
959 0
960 0.002799
962 0
965 0
966 0
967 0
968 0
971 0.000622
972 0.005891
977 0
978 0
979 0
980 0.001087
981 0
7 0
983 0
985 0.002013
986 0
987 0.00602
988 0.000465
989 0
991 0.002512
994 0
998 0.006503
1000 0
1002 0.002993
1003 0
1004 0
1008 0.003412
1009 0
1011 0.000287
1017 0.004537
1023 0
1025 0
1026 0
1030 0.002899
1032 0.004316
1033 0
1034 0.00319
1035 0
1036 0
1037 0
1042 0.005886
1043 0
1046 0.002796
1048 0
1051 0
1052 0
1053 0.003079
1056 0.00394
1057 0
1060 0.001639
1062 0
1063 0
1068 0
1069 0
1070 0.005248
1071 0.003915
1074 0
1077 0
1078 0.002006
1079 0.001097
1080 0
39 0.004043
1082 0.000269
1083 0
1085 0.002042
1086 0.000582
1090 0
1093 0.002911
1094 0.000985
1095 0
1096 0.001517
1098 0.002308
1100 0
1101 0
1102 0
1103 0
1104 0
1106 0
1107 0
1109 0.006731
1113 0
1115 0.002204
1118 0.003403
1120 0
1121 0.004534
1123 0
1125 0
1134 0.008943
1139 0
49 0
52 0
1141 0
1142 0
1146 0
1148 0
1150 0.000207
1154 0
1157 0
1159 0
1160 0
1239 0.001162
1163 0
1164 0.004094
1165 0.001279
1168 0.005437
1170 0.000347
1171 0.00237
1176 0.002549
1187 0.004163
73 0
84 0
89 0
1189 0
1190 0.002484
1192 0
1195 0
1197 0
99 0
1198 0
1205 0
1206 0.001175
1207 0.00215
1209 0
1210 0
1211 0.000848
1212 0
1213 0.00026
1232 0.000362
1223 0.005695
131 0.001755
160 0
164 0.004908
167 0
176 0
186 0
194 0
198 0
199 0.00292
209 0.00241
221 0.001698
250 0
260 0
267 0
279 0
285 0.005999
293 0
296 0
297 0
329 0
331 0.000746
332 0
334 0
339 0
343 0
345 0
1224 0
349 0
350 0
355 0
356 0.00095
357 0
358 0
359 0
360 0
367 0.003758
374 0
375 0
377 0
382 0
385 0
388 0.0011
389 0
390 0
391 0
394 0.001812
395 0
396 0
397 0.000896
399 0
400 0
403 0
406 0
408 0.003274
411 0.000771
413 0.001838
418 0
419 0
422 0.004081
423 0
426 0.004508
427 0
428 0
430 0.003128
432 0.003227
433 0
434 0
435 0
436 0
438 0
443 0
444 0
446 0
448 0
451 0.003424
452 0
453 0
456 0
458 0.005132
459 0.000887
461 0
464 0
466 0
469 0
471 0
480 0.008513
483 0
485 0
489 0.005489
499 0.001382
1218 0
501 0
503 0.003719
505 0.001953
507 0
508 0
510 0
512 0
513 0.016968
514 0
516 0
521 0
524 0
530 0
533 0
537 0
538 0
540 0.004427
543 0
544 0
545 0
548 0
549 0.00111
550 0
551 0
554 0
555 0
556 0.001136
557 0
558 0.012656
560 0.014632
564 0
570 0
571 0.017243
574 0
575 0.000352
576 0.001634
577 0.001511
1233 0
581 0.003045
583 0
1230 0.003143
584 0
588 0.002338
590 0
592 0
594 0
602 0
610 0
611 0
612 0
614 0.001142
616 0
621 0.000885
629 0
632 0
642 0
643 0
647 0.000502
649 0
652 0
654 0
657 0
658 0.00752
660 0
662 0
668 0.010594
674 0
675 0.001386
677 0
678 0
679 0.004231
681 0
682 0.010759
685 0.001487
687 0
688 0
690 0
695 0
700 0
702 0
703 0.001927
706 0
707 0.003771
708 0
710 0.003526
712 0.008922
714 0
715 0.005679
716 0.000462
720 0
723 0
724 0
725 0.005967
727 0
728 0
729 0
731 0.007121
732 0
733 0.00267
742 0
744 0
745 0
751 0.000702
752 0
753 0.00234
754 0
755 0
756 0.001398
759 0
761 0
765 0
769 0.020515
770 0
771 0.003876
772 0.001482
774 0.000941
775 0
777 0.003153
778 0
779 0
783 0
786 0.002026
787 0
788 0
789 0
790 0
791 0.003101
793 0
795 0.000445
796 0.001995
797 0
798 0
800 0.003702
802 0
803 0
807 0.001261
808 0
811 0.001012
813 0.003343
814 0.005484
816 0
817 0
818 0
821 0
822 0
825 0
827 0.001308
828 0
829 0.000853
831 0.005002
841 0
844 0.0011
849 0.010683
851 0
852 0.001406
854 0
885 0
894 0
906 0
907 0
909 0.001639
