108 0
110 0
1268 0
1259 0
1250 0
112 0
113 0
120 0
1271 0
122 0
124 0
1244 0
126 0
127 0
128 0
1263 0
132 0
134 0
140 0
141 0
145 0
147 0
148 0
149 0
150 0
151 0
152 0
154 0
158 0
168 0
169 0
171 0
1288 0
174 0
175 0
177 0
178 0
1302 0
179 0
181 0
182 0
1265 0
184 0
185 0
188 0
189 0
191 0
192 0
195 0
197 0
1282 0
1292 0
204 0
205 0
212 0
214 0
215 0
216 0
217 0
223 0
225 0
227 0
229 0
234 0
236 0
237 0
238 0
239 0
241 0
242 0
243 0
245 0
246 0
251 0.178388
252 0.317819
253 0.201997
262 0.138181
266 0.168424
271 0
274 0.036079
275 0
276 0.152514
280 0.072415
283 0
284 0
287 0
289 0.118563
290 0
291 0
1226 0
295 0
298 0
299 0
301 0
302 0
1227 0.143231
304 0
305 0
307 0
315 0
317 0
1228 0.189821
324 0.309549
326 0.165424
328 0
915 0.13572
916 0.343757
917 0
918 0
919 0
920 0
922 0
924 0
927 0
928 0
929 0
931 0.518441
932 0
934 0
937 0
938 0.221332
942 0.107992
3 0
947 0.174044
948 0
949 0.086181
950 0
952 0
953 0.152617
954 0
956 0
958 0
959 0
960 0.153675
962 0
965 0
966 0
967 0
968 0.255101
971 0.144528
972 0
977 0
978 0
979 0
980 0.235147
981 0
7 0
983 0
985 0
986 0
987 0
988 0
989 0.021618
991 0
994 0
998 0
1000 0
1002 0.181946
1003 0
1004 0
1008 0
1009 0
1011 0
1017 0
1023 0
1025 0
1026 0
1030 0
1032 0
1033 0.253326
1034 0
1035 0.104608
1036 0.045724
1037 0.175476
1042 0.057379
1043 0.258695
1046 0
1048 0
1051 0
1052 0
1053 0
1056 0
1057 0
1060 0
1062 0
1063 0
1068 0
1069 0.254411
1070 0
1071 0
1074 0
1077 0.250474
1078 0
1079 0
1080 0.195425
39 0
1082 0
1083 0
1085 0
1086 0
1090 0.195397
1093 0
1094 0
1095 0
1096 0
1098 0.221542
1100 0.067309
1101 0
1102 0.219422
1103 0
1104 0.123713
1106 0
1107 0
1109 0
1113 0
1115 0.094526
1118 0
1120 0
1121 0
1123 0
1125 0.267841
1134 0
1139 0
49 0
52 0
1141 0
1142 0
1146 0
1148 0
1150 0
1154 0
1157 0
1159 0
1160 0
1239 0
1163 0
1164 0
1165 0
1168 0.015313
1170 0.135472
1171 0.079799
1176 0.074871
1187 0
73 0
84 0
89 0
1189 0
1190 0
1192 0
1195 0
1197 0
99 0.217576
1198 0
1205 0
1206 0
1207 0
1209 0
1210 0
1211 0
1212 0.10919
1213 0
1232 0
1223 0
131 0
160 0
164 0
167 0
176 0
186 0
194 0
198 0
199 0.068463
209 0
221 0
250 0
260 0
267 0
279 0
285 0
293 0
296 0
297 0
329 0
331 0
332 0.101444
334 0
339 0.280549
343 0
345 0
1224 0
349 0
350 0
355 0
356 0
357 0.313037
358 0
359 0.083779
360 0.123751
367 0
374 0
375 0
377 0.349252
382 0.251599
385 0
388 0
389 0.262727
390 0.126109
391 0
394 0.2711
395 0
396 0.278818
397 0.167643
399 0
400 0.341894
403 0
406 0
408 0.329669
411 0.248017
413 0
418 0.256382
419 0.217033
422 0
423 0
426 0
427 0
428 0
430 0.206388
432 0
433 0
434 0
435 0
436 0.50669
438 0
443 0.080258
444 0
446 0
448 0
451 0
452 0
453 0.362829
456 0
458 0
459 0
461 0
464 0
466 0
469 0
471 1
480 0
483 0
485 0
489 0.040989
499 0.181283
1218 0
501 0
503 0
505 0
507 0
508 0.230752
510 0
512 0
513 0
514 0
516 0
521 0.24334
524 0
530 0
533 0
537 0
538 0
540 0
543 0
544 0
545 0
548 0
549 0
550 0
551 0.497037
554 0
555 0.232273
556 0
557 0
558 0
560 0
564 0
570 0.101658
571 0
574 0
575 0
576 0
577 0.287041
1233 0
581 0
583 0
1230 0
584 0
588 0.138787
590 0.258164
592 0
594 0
602 0
610 0
611 0
612 0
614 0
616 0.108059
621 0
629 0
632 0
642 0
643 0
647 0
649 0.327576
652 0
654 0
657 0
658 0
660 0
662 0.255264
668 0
674 0
675 0.142418
677 0
678 0
679 0
681 0
682 0
685 0
687 0
688 0
690 0
695 0
700 0
702 0
703 0
706 0
707 0
708 0
710 0
712 0.279123
714 0.226787
715 0
716 0
720 0
723 0
724 0.20109
725 0
727 0
728 0
729 0
731 0
732 0
733 0.065268
742 0
744 0
745 0
751 0
752 0
753 0.092814
754 0
755 0
756 0
759 0
761 0
765 0
769 0
770 0
771 0
772 0
774 0
775 0
777 0
778 0
779 0
783 0
786 0
787 0
788 0
789 0.065178
790 0.102798
791 0.250552
793 0
795 0.159583
796 0
797 0
798 0
800 0
802 0
803 0
807 0
808 0.126558
811 0.235266
813 0
814 0
816 0.22041
817 0
818 0
821 0
822 0.38742
825 0.199812
827 0
828 0.178473
829 0
831 0
841 0
844 0
849 0
851 0
852 0
854 0.17926
885 0
894 0
906 0
907 0.040316
909 0
