108 0
110 0
1268 0
1259 0
1250 0
112 0
113 0
120 0
1271 0
122 0
124 0
1244 0
126 0
127 0
128 0
1263 0
132 0
134 0
140 0
141 0
145 0
147 0
148 0
149 0
150 0
151 0
152 0
154 0
158 0
168 0
169 0
171 0
1288 0
174 0
175 0
177 0
178 0
1302 0
179 0
181 0
182 0
1265 0
184 0
185 0
188 0
189 0
191 0
192 0
195 0
197 0
1282 0
1292 0
204 0
205 0
212 0
214 0
215 0
216 0
217 0
223 0
225 0
227 0
229 0
234 0
236 0
237 0
238 0
239 0
241 0.059813
242 0
243 0
245 0
246 0
251 0.498039
252 0.682181
253 0.471137
262 0.308999
266 0.513294
271 0.193425
274 0.176964
275 0.374822
276 0.529722
280 0.232207
283 0.529993
284 0.169637
287 0.681356
289 0.4971
290 0.3599
291 0.177208
1226 0.137807
295 0.334624
298 0.538606
299 0.496118
301 0.47671
302 0.181486
1227 0.391924
304 0.792861
305 0
307 0
315 0.529175
317 0.479735
1228 0.464695
324 0.690451
326 0.521804
328 0
915 0.421582
916 0.656243
917 0.400945
918 1
919 0
920 1
922 0.638988
924 0.020407
927 0
928 0.075802
929 1
931 0
932 0
934 0.311941
937 0
938 0.778668
942 0.399747
3 0
947 0.471546
948 0.567307
949 0.314904
950 1
952 0
953 0.468536
954 0
956 0.019525
958 1
959 0.101479
960 0.5523
962 0
965 0.610193
966 0.714402
967 0.161824
968 0.578951
971 0.414423
972 0.538796
977 0.417138
978 1
979 0.596807
980 0.764853
981 0
7 1
983 0.490619
985 0.861789
986 0.567352
987 0.138889
988 0.421542
989 0.134026
991 0.078218
994 1
998 0.000695
1000 0.488147
1002 0.475459
1003 0.091294
1004 0
1008 0
1009 0.18938
1011 0.315062
1017 0
1023 0
1025 0
1026 0.042676
1030 0.049289
1032 0.04607
1033 0.339595
1034 1
1035 0.48935
1036 0.14085
1037 0.824524
1042 0.272442
1043 0.741305
1046 0.163966
1048 0.265005
1051 0
1052 0.871696
1053 0
1056 0
1057 0.355053
1060 0.179666
1062 0.588061
1063 0.331586
1068 0.25474
1069 0.745589
1070 0.670649
1071 0.045309
1074 0.503712
1077 0.749526
1078 0.06982
1079 0.540886
1080 0.584573
39 0
1082 0.300923
1083 0.224196
1085 0.88949
1086 0
1090 0.683842
1093 1
1094 0
1095 0.868177
1096 0.439302
1098 0.644616
1100 0.407275
1101 0.189349
1102 0.780578
1103 0.018719
1104 0.494482
1106 0
1107 0
1109 1
1113 0.908994
1115 0.351189
1118 0
1120 0
1121 0
1123 0
1125 0.562819
1134 0.022155
1139 0
49 0.416355
52 0
1141 0
1142 0
1146 0
1148 0.194784
1150 0
1154 0
1157 0.136791
1159 1
1160 0
1239 1
1163 0.780423
1164 0
1165 0
1168 0.092238
1170 0.843682
1171 0.307383
1176 0.282267
1187 0.790781
73 0.094733
84 0
89 0.020785
1189 0.859817
1190 0.035551
1192 0.486201
1195 0
1197 0.55632
99 0.73935
1198 0.953314
1205 0.379475
1206 0.275947
1207 0.781271
1209 1
1210 0.208556
1211 0.410916
1212 0.412511
1213 0.048126
1232 0.29115
1223 0.270611
131 0.488703
160 0
164 0
167 0
176 0
186 0.257184
194 0.356651
198 0
199 0.380098
209 0
221 0
250 1
260 1
267 0.44513
279 1
285 0
293 1
296 0
297 0.228077
329 1
331 0.196141
332 0.342358
334 0.482858
339 0.719451
343 1
345 0.385743
1224 1
349 0.494885
350 0.520655
355 0.292519
356 0.450968
357 0.686963
358 0.943328
359 0.243223
360 0.468027
367 0.031195
374 1
375 0.324109
377 0.650748
382 0.748401
385 0.582946
388 1
389 0.737273
390 0.525979
391 0
394 0.399209
395 0.011096
396 0.721182
397 0.832357
399 1
400 0.614974
403 0.261408
406 0.836427
408 0.670331
411 0.751983
413 0.069302
418 0.743618
419 0.251208
422 0.082836
423 1
426 0.007917
427 0.088056
428 0
430 0.448349
432 0
433 0
434 1
435 0.712579
436 0
438 0.04016
443 0.262614
444 0
446 0.656867
448 0
451 0.623503
452 1
453 0.637171
456 1
458 1
459 0.155116
461 0
464 0.753904
466 0.563569
469 0
471 0
480 0
483 0
485 0
489 0.140501
499 0.557347
1218 0
501 0.246906
503 0.247899
505 0
507 0.787999
508 0.769248
510 0.642798
512 0.87654
513 0
514 0
516 0
521 0.75666
524 1
530 0
533 0.009042
537 1
538 0.10944
540 0
543 1
544 1
545 0
548 0.584332
549 0.007132
550 1
551 0.502963
554 0.732434
555 0.598283
556 0
557 1
558 0
560 0.010823
564 1
570 0.321017
571 0.386506
574 0.489048
575 0.059544
576 0.831176
577 0.712959
1233 0.823562
581 0.735951
583 0.617725
1230 0.321409
584 1
588 0.342068
590 0.741836
592 0.380203
594 0.385146
602 0.81982
610 0.691496
611 0.018558
612 0.141763
614 0.092833
616 0.16342
621 0.345716
629 1
632 0.468303
642 0.812408
643 0.266215
647 0.006888
649 0.672424
652 0.166051
654 0.583806
657 0.409317
658 0
660 0.171199
662 0.141346
668 0.778913
674 1
675 0.231175
677 0.436642
678 1
679 1
681 0.106201
682 0
685 0
687 0.567373
688 0
690 0
695 0
700 0.776578
702 0.17774
703 1
706 0
707 0
708 0.288863
710 1
712 0.535847
714 0.679519
715 0.096044
716 0.239387
720 1
723 1
724 0.718889
725 0.21975
727 1
728 0.033281
729 0.30995
731 0.287571
732 0.199207
733 0
742 0.775288
744 0
745 0.926023
751 0.043443
752 0.383421
753 0.110885
754 0.63404
755 0
756 0.334837
759 0
761 0.702381
765 1
769 0.49897
770 1
771 0.332062
772 0.108647
774 0.136945
775 0.35562
777 0.200023
778 1
779 0.02627
783 1
786 0.127128
787 0.408945
788 0.487305
789 0.345661
790 0.338035
791 0.511861
793 1
795 0.427675
796 0.36706
797 0.797037
798 0.418546
800 1
802 0.889545
803 0.673431
807 0.209721
808 0.570893
811 0.590644
813 0.391823
814 0.392463
816 0.439924
817 0.649562
818 1
821 0.745061
822 0.61258
825 0.279716
827 0.119393
828 0.453464
829 0.00555
831 0.30171
841 0.576638
844 0.208355
849 0.326397
851 0.501225
852 0.288415
854 0.662527
885 0
894 0
906 0.14541
907 0.094954
909 0
