108 0.011273
110 0.00502
1268 0.008945
1259 0.007731
1250 0.008692
112 0.001334
113 0.008285
120 0.007773
1271 0.013387
122 0.005064
124 0.010267
1244 0.010977
126 0.006584
127 0.008141
128 0.006638
1263 0.005309
132 0.008863
134 0.00955
140 0.006687
141 0
145 0.008518
147 0.010742
148 0.009352
149 0.016851
150 0.00836
151 0.004651
152 0.00955
154 0.013016
158 0.002078
168 0.009791
169 0.006797
171 0.012174
1288 0.001981
174 0.052361
175 0.003872
177 0.02282
178 0.014504
1302 0.011478
179 0.010639
181 0.010079
182 0.013213
1265 0.017001
184 0.017005
185 0.002657
188 0.009924
189 0.020344
191 0.008766
192 0.009205
195 0.012436
197 0.007393
1282 0.010646
1292 0.001243
204 0.011723
205 0.010353
212 0.00963
214 0.019184
215 0.007248
216 0.012695
217 0.008578
223 0.012928
225 0.012727
227 0.012761
229 0.010713
234 0.018054
236 0.010175
237 0.003754
238 0.014082
239 0.004419
241 0.008435
242 0.004866
243 0.016375
245 0.011076
246 0.002172
251 0.016949
252 0.012192
253 0.011179
262 0.005775
266 0.013986
271 0.004493
274 0.012976
275 0.008021
276 0.014283
280 0.012311
283 0.0106
284 0.003056
287 0.011571
289 0.012218
290 0.002547
291 0.016603
1226 0.009798
295 0.013267
298 0.005407
299 0.014857
301 0.010637
302 0.01873
1227 0.014498
304 0.007689
305 0.005705
307 0.00463
315 0.009364
317 0.010092
1228 0.009275
324 0.012642
326 0.010279
328 0.001142
915 0.014045
916 0.020236
917 0.013953
918 0.012392
919 0.013671
920 0.019801
922 0.005665
924 0.013304
927 0.019049
928 0.013515
929 0.011206
931 0.014599
932 0.016502
934 0.005734
937 0.020945
938 0.012274
942 0.011375
3 0.01945
947 0.015502
948 0.01157
949 0.005142
950 0
952 0.015791
953 0.008617
954 0.018097
956 0.00336
958 0.016163
959 0.013232
960 0.005956
962 0
965 0.002282
966 0.003702
967 0.001827
968 0.006811
971 0.010145
972 0.009327
977 0.004365
978 0.012281
979 0.004037
980 0.001766
981 0.018537
7 0.023786
983 0.01423
985 0.011409
986 0.017115
987 0.014521
988 0.001438
989 0.01536
991 0.001959
994 0.009451
998 0.002414
1000 0.015998
1002 0.010318
1003 0.013642
1004 0.021407
1008 0.012634
1009 0.007935
1011 0.006944
1017 0.004692
1023 0.008147
1025 0.014368
1026 0.00992
1030 0.015646
1032 0.013707
1033 0.016274
1034 0.01525
1035 0.01474
1036 0.01042
1037 0.017755
1042 0.01553
1043 0.01098
1046 0.001991
1048 0.012883
1051 0.013907
1052 0.011982
1053 0.003598
1056 0.010563
1057 0.011233
1060 0.007421
1062 0
1063 0.011553
1068 0.008162
1069 0.015984
1070 0.015655
1071 0.002583
1074 0.011879
1077 0.010773
1078 0.004749
1079 0.008068
1080 0.005735
39 0.027787
1082 0.010093
1083 0.013743
1085 0.014072
1086 0.008752
1090 0.010956
1093 0.005762
1094 0.017204
1095 0.010219
1096 0.008181
1098 0.015261
1100 0.013353
1101 0.006289
1102 0.014266
1103 0.012412
1104 0.013279
1106 0.013225
1107 0.008404
1109 0.006686
1113 0.002702
1115 0.008577
1118 0.000797
1120 0.006651
1121 0.003722
1123 0.005212
1125 0.007289
1134 0.00119
1139 0.006453
49 0.019653
52 0.01737
1141 0.009117
1142 0.013909
1146 0.009687
1148 0.011773
1150 0.003217
1154 0.013306
1157 0.017344
1159 0.01575
1160 0.011006
1239 0.007859
1163 0.008354
1164 0.011646
1165 0.007922
1168 0.002956
1170 0.015158
1171 0.014304
1176 0.009283
1187 0.00853
73 0.019382
84 0.017173
89 0.014887
1189 0.015769
1190 0.012015
1192 0.010997
1195 0.014937
1197 0.014625
99 0.010998
1198 0.005121
1205 0.014205
1206 0.010784
1207 0.001264
1209 0.012778
1210 0.007485
1211 0.015085
1212 0.006278
1213 0.008796
1232 0.010907
1223 0.018956
131 0.012936
160 0.020954
164 0.012045
167 0.014112
176 0.020601
186 0.003385
194 0.014629
198 0.009065
199 0.019586
209 0.017887
221 0.012953
250 0.005048
260 0.023318
267 0.018321
279 0.014796
285 0.013009
293 0.016007
296 0.018178
297 0.016178
329 0.013138
331 0
332 0.012119
334 0.014297
339 0.001298
343 0.011856
345 0.009766
1224 0.013286
349 0.012111
350 0.00723
355 0.003541
356 0.015142
357 0.017045
358 0.016298
359 0.015379
360 0.010647
367 0.000621
374 0.008642
375 0.001744
377 0.010022
382 0.016727
385 0.015171
388 0.007065
389 0.012526
390 0.021833
391 0.015307
394 0.001855
395 0
396 0.01447
397 0.023175
399 0.019537
400 0.005956
403 0.010597
406 0.020193
408 0.021212
411 0.005277
413 0.016708
418 0.013635
419 0.014442
422 0.009384
423 0.016221
426 0.01215
427 0.01231
428 0.018241
430 0.003828
432 0.011577
433 0.018549
434 0.015732
435 0.015007
436 0.013327
438 0.013556
443 0.012285
444 0.006019
446 0.019272
448 0.008425
451 0.00653
452 0.015942
453 0.009933
456 0.010157
458 0.01399
459 0.011689
461 0.008412
464 0.023195
466 0.009219
469 0.015004
471 0.0182
480 0.009457
483 0.012524
485 0.004139
489 0.013329
499 0.018399
1218 0
501 0.013044
503 0.015337
505 0.004385
507 0.004531
508 0.006788
510 0.008658
512 0.011997
513 0.003134
514 0.010091
516 0.011476
521 0.020268
524 0.002606
530 0.01351
533 0.004688
537 0.002827
538 0.012443
540 0
543 0.013516
544 0.018716
545 0.015541
548 0.017656
549 0.012164
550 0.007304
551 0.003276
554 0.008208
555 0.016785
556 0.008929
557 0.017419
558 0.003834
560 0.002628
564 0.018223
570 0.011049
571 0.019108
574 0.015185
575 0.012569
576 0.018679
577 0.007737
1233 0.013612
581 0.013103
583 0.012988
1230 0.029953
584 0.012146
588 0.005767
590 0.016141
592 0.004386
594 0.016359
602 0.011134
610 0.015699
611 0.014428
612 0.010535
614 0.007196
616 0.005564
621 0.011786
629 0.01291
632 0.016084
642 0.016851
643 0.009768
647 0.008927
649 0.00803
652 0.014942
654 0.007417
657 0.012432
658 0.00428
660 0.004405
662 0.002775
668 0.007446
674 0.00905
675 0.005113
677 0.01018
678 0.008074
679 0.004666
681 0.007431
682 0.00282
685 0.00608
687 0.009781
688 0.007455
690 0.009282
695 0.008487
700 0.01614
702 0.008185
703 0.009784
706 0.010987
707 0.012179
708 0.012685
710 0.021741
712 0.005078
714 0.009763
715 0.004346
716 0.020335
720 0.013404
723 0.002922
724 0.013945
725 0.016989
727 0.009168
728 0.002815
729 0.010963
731 0.008533
732 0.014406
733 0.007366
742 0.004386
744 0.013941
745 0.010587
751 0.009414
752 0.011231
753 0.011851
754 0.008431
755 0.011783
756 0.001428
759 0.009356
761 0.006572
765 0.009136
769 0.006701
770 0.006672
771 0.003955
772 0.002204
774 0.006068
775 0.005274
777 0.013911
778 0.00943
779 0.004008
783 0.019969
786 0.015947
787 0.008985
788 0.009236
789 0.013587
790 0.00462
791 0.012268
793 0.009639
795 0.007325
796 0.010844
797 0.006006
798 0.014239
800 0.005944
802 0.005116
803 0.012158
807 0.004549
808 0.015246
811 0.011868
813 0.013603
814 0.007779
816 0.013325
817 0.005136
818 0
821 0.013082
822 0.013832
825 0.013938
827 0.010013
828 0.00956
829 0.011539
831 0.017003
841 0.017438
844 0.016585
849 0.010438
851 0.013235
852 0.00522
854 0.012461
885 0.013268
894 0.009657
906 0.009717
907 0.00958
909 0.007302
