108 0.002234
110 0.005048
1268 0.001981
1259 0.0022
1250 0.002215
112 0.000724
113 0.001642
120 0.003017
1271 0.00253
122 0.000618
124 0.000328
1244 0.000567
126 0.001775
127 0.000574
128 0.000973
1263 0.00335
132 0.002063
134 0.009252
140 0.00613
141 0.011054
145 0.042544
147 0.001093
148 0.032424
149 0.001089
150 0.019946
151 0.003866
152 0.005612
154 0.014142
158 0.00333
168 0.001409
169 0.002906
171 0.096733
1288 0.002498
174 0.002279
175 0.001325
177 0.058095
178 0.031407
1302 0.05203
179 0.00371
181 0.010948
182 0.010713
1265 9e-04
184 0.01451
185 0.006381
188 0.01064
189 0.028924
191 0.008684
192 0.006236
195 0.005191
197 0.008991
1282 0.016751
1292 0.002044
204 0.009489
205 0.010438
212 0.016783
214 0.009866
215 0.004339
216 0.009528
217 0.005583
223 0.036762
225 0.017999
227 0.043995
229 0.010736
234 0.017823
236 0.031711
237 0.004299
238 0.036427
239 0.006983
241 0.008384
242 0.022934
243 0.095176
245 0.007942
246 0.00259
251 0.044037
252 0.227824
253 0.017294
262 0.007161
266 0.00275
271 0.006826
274 0.007997
275 0.010757
276 0.013045
280 0.005643
283 0.018728
284 0.00271
287 0.009154
289 0.021958
290 0.002114
291 0.005702
1226 0.019747
295 0.11134
298 0.010406
299 0.003911
301 0.015567
302 0.005099
1227 0.004324
304 0.023195
305 0.005446
307 0.010833
315 0.030089
317 0.051397
1228 0.033165
324 0.060311
326 0.012625
328 0.009258
915 0.015815
916 0.0085
917 0.074341
918 0.017397
919 0.026662
920 0.000974
922 0.017249
924 0.030319
927 0.071643
928 0.03664
929 0.008084
931 0.020162
932 0.02495
934 0.002338
937 0.003004
938 0.006046
942 0.047183
3 0.044228
947 0.00961
948 0.005639
949 0.018917
950 0.011715
952 0.273012
953 0.014685
954 0.062439
956 0.011747
958 0.01119
959 0.043796
960 0.00683
962 0.005342
965 0.075578
966 0.005595
967 0.007173
968 0.029761
971 0.010797
972 0.006859
977 0.004441
978 0.011847
979 0.086541
980 0.009871
981 0.004921
7 0.003549
983 0.133761
985 0.00525
986 0.009661
987 0.010255
988 0.000757
989 0.041563
991 0.020519
994 0.004912
998 0.002432
1000 0.001661
1002 0.016651
1003 0.125054
1004 0.005144
1008 0.01373
1009 0.001833
1011 0.013221
1017 0.00491
1023 0.011789
1025 0.010641
1026 0.018293
1030 0.009677
1032 0.002121
1033 0.011914
1034 0.042881
1035 0.103113
1036 0.022318
1037 0.015584
1042 0.015708
1043 0.013501
1046 0.007862
1048 0.007154
1051 0.236929
1052 0.012529
1053 0.000862
1056 0.012478
1057 0.003894
1060 0.007179
1062 0.009413
1063 0.014302
1068 0.005851
1069 0.042375
1070 0.002789
1071 0.00957
1074 0.04645
1077 0.003579
1078 0.003053
1079 0.006236
1080 0.023326
39 0.002509
1082 0.002667
1083 0.025204
1085 0.040369
1086 0.003976
1090 0.005055
1093 0.014643
1094 0.001245
1095 0.010598
1096 0.001123
1098 0.005391
1100 0.01736
1101 0.030419
1102 0.156851
1103 0.002797
1104 0.021259
1106 0.036603
1107 0.037217
1109 0.025345
1113 0.03478
1115 0.0166
1118 0.003592
1120 0.007945
1121 0.006297
1123 0.010054
1125 0.004477
1134 0.011052
1139 0.009164
49 0.135073
52 0.190123
1141 0.00114
1142 0.034865
1146 0.001439
1148 0.015408
1150 0.003122
1154 0.008973
1157 0.017216
1159 0.007264
1160 0.016045
1239 0.02251
1163 0.006975
1164 0.007094
1165 0.003904
1168 0.008176
1170 0.017066
1171 0.001733
1176 0.002727
1187 0.010832
73 0.278411
84 0.016925
89 0.128358
1189 0.003772
1190 0.005317
1192 0.064465
1195 0.083454
1197 0.002101
99 0.054777
1198 0.01119
1205 0.0087
1206 0.005182
1207 0.025663
1209 0.033841
1210 0.011695
1211 0.002286
1212 0.039939
1213 0.005681
1232 0.006931
1223 0.003153
131 0.00168
160 0.072888
164 0.086898
167 0.284164
176 0.002293
186 0.016922
194 0.011885
198 0.001804
199 0.015855
209 0.001047
221 0.013723
250 0.0314
260 0.009527
267 0.066256
279 0.204876
285 0.015292
293 0.235453
296 0.009928
297 0.059902
329 0.001403
331 0.022124
332 0.007631
334 0.046327
339 0.071564
343 0.097666
345 0.025352
1224 0.201546
349 0.002539
350 0.018168
355 0.003308
356 0.005975
357 0.019668
358 0.016516
359 0.002586
360 0.015011
367 0.005549
374 0.044997
375 0.008745
377 0.005849
382 0.018323
385 0.006231
388 0.001595
389 0.026135
390 0.006041
391 0.057628
394 0.0075
395 0.010841
396 0.009918
397 0.008221
399 0.044644
400 0.028003
403 0.337811
406 0.081495
408 0.004072
411 0.009974
413 0.009068
418 0.34143
419 0.015548
422 0.001824
423 0.024217
426 0.004286
427 0.012507
428 0.064888
430 0.004226
432 0.011121
433 0.021998
434 0.155742
435 0.004487
436 0.020916
438 0.003012
443 0.098294
444 0.002645
446 0.065843
448 0.206564
451 0.013254
452 0.013138
453 0.015869
456 0.008672
458 0.020343
459 0.010309
461 0.004644
464 0.082293
466 0.014167
469 0.015755
471 0.012926
480 0.006836
483 0.036911
485 0.002917
489 0.003159
499 0.026246
1218 0.006867
501 0.008594
503 0.010896
505 0.010372
507 0.001656
508 0
510 0.007347
512 0.064858
513 0.009172
514 0.010352
516 0.004695
521 0.02067
524 0.023974
530 0.019671
533 0.009155
537 0.010893
538 0.033079
540 0.008487
543 0.048577
544 0.072207
545 0.014667
548 0.005675
549 0.016785
550 0.011367
551 0.028563
554 0.01975
555 0.03098
556 0.00331
557 0.005371
558 0.009135
560 0.008466
564 0.007488
570 0.014533
571 0.007439
574 0.016001
575 0.005841
576 0.007266
577 0.007823
1233 0.006201
581 0.029484
583 0.046042
1230 0.003893
584 0.010409
588 0.001851
590 0.093088
592 0.009149
594 0.00389
602 0.019339
610 0.008919
611 0.007063
612 0.022926
614 0.003327
616 0.007572
621 0.009087
629 0.032249
632 0.016061
642 0.051743
643 0.016719
647 0.001753
649 0.005787
652 0.010187
654 0.026684
657 0.00398
658 0.002622
660 0.008527
662 0.022825
668 0.015334
674 0.001634
675 0.011172
677 0.00693
678 0.020776
679 0.007377
681 0.004641
682 0.004998
685 0.005535
687 0.014355
688 0.004311
690 0.025383
695 0.013205
700 0.020093
702 0.020123
703 0.016104
706 0.007168
707 0.002967
708 0.027803
710 0.018148
712 0.022755
714 0.023486
715 0.005534
716 0.004211
720 0.008446
723 0.00332
724 0.304308
725 0.004518
727 0.015334
728 0.021837
729 0.007792
731 0.002298
732 0.01225
733 0.012709
742 0.032332
744 0.010436
745 0.010941
751 0.006953
752 0.00893
753 0.006637
754 0.210502
755 0.022156
756 0.003772
759 0.003254
761 0.023583
765 0.020944
769 0.010768
770 0.00715
771 0.004288
772 0.00225
774 0.013572
775 0.004113
777 0.009904
778 0.01176
779 0.003987
783 0.030089
786 0.027266
787 0.008287
788 0.032231
789 0.035671
790 0.005241
791 0.010424
793 0.02204
795 0.008548
796 0.004597
797 0.08133
798 0.029551
800 0.001622
802 0.03297
803 0.027648
807 0.001352
808 0.005867
811 0.024006
813 0.000843
814 0.009762
816 0.005579
817 0.144528
818 0.012301
821 0.014455
822 0.028719
825 0.061024
827 0.010433
828 0.025451
829 0.002089
831 0.018168
841 0.031482
844 0.003602
849 0.006744
851 0.005855
852 0.007638
854 0.006862
885 0.067323
894 0.009682
906 0.037586
907 0.043125
909 0.048204
