108 0.14729
110 0.322865
1268 0.06968
1259 0.099289
1250 0.295545
112 0.329042
113 0.215003
120 0.146059
1271 0.224116
122 0.222852
124 0.181852
1244 0.341934
126 0.118485
127 0.287259
128 0.134162
1263 0.282985
132 0.20472
134 0.3547
140 0.265667
141 0.098989
145 0.358254
147 0.202212
148 0.164063
149 0.118596
150 0.337814
151 0.199522
152 0.31379
154 0.26683
158 0.489928
168 0.284862
169 0.397306
171 0.195169
1288 0.341593
174 0.728581
175 0.501483
177 0.201549
178 0.201741
1302 0.13541
179 0.178009
181 0.18504
182 0.086792
1265 0.143202
184 0.158958
185 0.669703
188 0.265132
189 0.183657
191 0.298554
192 0.245202
195 0.24528
197 0.448067
1282 0.164007
1292 0.558388
204 0.244846
205 0.3519
212 0.125285
214 0.153821
215 0.242278
216 0.273867
217 0.218832
223 0.254461
225 0.098907
227 0.334487
229 0.458363
234 0.245616
236 0.557508
237 0.16187
238 0.24018
239 0.461629
241 0.380387
242 0.60655
243 0.154545
245 0.478412
246 0.52317
251 0.219454
252 0.236226
253 0.205413
262 0.321244
266 0.138275
271 0.248034
274 0.277416
275 0.556301
276 0.136029
280 0.261994
283 0.219461
284 0.194692
287 0.238621
289 0.282492
290 0.415506
291 0.263048
1226 0.254591
295 0.188716
298 0.323057
299 0.15717
301 0.300915
302 0.302645
1227 0.279088
304 0.298151
305 0.347171
307 0.257216
315 0.236167
317 0.185849
1228 0.346003
324 0.137001
326 0.495818
328 0.176094
915 0.209514
916 0.138041
917 0.341304
918 0.357253
919 0.251368
920 0.1526
922 0.18398
924 0.227614
927 0.152402
928 0.337624
929 0.327854
931 0.236832
932 0.220143
934 0.138697
937 0.149876
938 0.195194
942 0.313619
3 0.13325
947 0.109698
948 0.095938
949 0.499797
950 0.348443
952 0.193749
953 0.197053
954 0.205022
956 0.552776
958 0.138966
959 0.16023
960 0.437567
962 0.222612
965 0.509198
966 0.104778
967 0.361629
968 0.351166
971 0.415928
972 0.149397
977 0.364475
978 0.358417
979 0.599067
980 0.294502
981 0.499768
7 0.193478
983 0.208534
985 0.466941
986 0.317274
987 0.320202
988 0.442973
989 0.169921
991 0.270218
994 0.381694
998 0.238414
1000 0.261013
1002 0.405423
1003 0.273834
1004 0.203283
1008 0.247926
1009 0.555275
1011 0.381439
1017 0.109667
1023 0.279508
1025 0.125867
1026 0.242051
1030 0.278606
1032 0.416861
1033 0.187128
1034 0.100853
1035 0.240606
1036 0.180601
1037 0.14971
1042 0.224266
1043 0.286527
1046 0.554823
1048 0.213877
1051 0.109434
1052 0.117888
1053 0.584045
1056 0.203403
1057 0.154293
1060 0.118186
1062 0.235088
1063 0.316221
1068 0.329724
1069 0.112514
1070 0.148703
1071 0.627518
1074 0.34985
1077 0.203295
1078 0.645482
1079 0.351672
1080 0.553065
39 0.141624
1082 0.216416
1083 0.282158
1085 0.381277
1086 0.383461
1090 0.186832
1093 0.403275
1094 0.319762
1095 0.616204
1096 0.48688
1098 0.770862
1100 0.398211
1101 0.309285
1102 0.249739
1103 0.18923
1104 0.302575
1106 0.265122
1107 0.344878
1109 0.374948
1113 0.335105
1115 0.212919
1118 0.269419
1120 0.39016
1121 0.494587
1123 0.327645
1125 0.295869
1134 0.259013
1139 0.213116
49 0.175523
52 0.222236
1141 0.203308
1142 0.357617
1146 0.135722
1148 0.179561
1150 0.47522
1154 0.238151
1157 0.186786
1159 0.316366
1160 0.408304
1239 0.373713
1163 0.473793
1164 0.293667
1165 0.231026
1168 0.320613
1170 0.248532
1171 0.342268
1176 0.204732
1187 0.246024
73 0.123348
84 0.109272
89 0.098036
1189 0.262133
1190 0.19635
1192 0.29977
1195 0.310419
1197 0.228675
99 0.243215
1198 0.563944
1205 0.330208
1206 0.063655
1207 0.410114
1209 0.274556
1210 0.508095
1211 0.252329
1212 0.46523
1213 0.120527
1232 0.191983
1223 0.161295
131 0.552468
160 0.143361
164 0.402962
167 0.148866
176 0.254147
186 0.597107
194 0.210443
198 0.080419
199 0.159594
209 0.447799
221 0.406496
250 0.56689
260 0.244653
267 0.21903
279 0.230116
285 0.183387
293 0.181859
296 0.330308
297 0.202228
329 0.383552
331 0.13432
332 0.144639
334 0.215755
339 0.462108
343 0.157218
345 0.302123
1224 0.156336
349 0.243404
350 0.136538
355 0.286486
356 0.146591
357 0.134892
358 0.273595
359 0.302336
360 0.213544
367 0.286588
374 0.366981
375 0.511362
377 0.538275
382 0.147145
385 0.294016
388 0.411106
389 0.15446
390 0.205518
391 0.351731
394 0.696749
395 0.007809
396 0.169187
397 0.426444
399 0.195244
400 0.794832
403 0.403206
406 0.191054
408 0.313295
411 0.247374
413 0.313021
418 0.227921
419 0.127718
422 0.318621
423 0.368528
426 0.259273
427 0.229454
428 0.15573
430 0.302092
432 0.383065
433 0.09915
434 0.088764
435 0.338262
436 0.496239
438 0.13168
443 0.174922
444 0.264717
446 0.180389
448 0.375957
451 0.42556
452 0.188484
453 0.261877
456 0.293419
458 0.087699
459 0.300967
461 0.21509
464 0.211906
466 0.266567
469 0.241134
471 0.257625
480 0.368825
483 0.264897
485 0.411893
489 0.132915
499 0.138982
1218 0.108461
501 0.227413
503 0.322273
505 0.429814
507 0.446714
508 0.498652
510 0.188524
512 0.255379
513 0.226145
514 0.228001
516 0.40047
521 0.323797
524 0.612607
530 0.389495
533 0.542369
537 0.794111
538 0.324997
540 0.556597
543 0.203659
544 0.169712
545 0.18482
548 0.15407
549 0.232763
550 0.487955
551 0.563605
554 0.499443
555 0.364395
556 0.090703
557 0.232174
558 0.153228
560 0.252139
564 0.170224
570 0.358099
571 0.198156
574 0.341025
575 0.319232
576 0.138266
577 0.156687
1233 0.343183
581 0.182304
583 0.20956
1230 0.272962
584 0.160879
588 0.54464
590 0.316704
592 0.650442
594 0.166418
602 0.355117
610 0.214252
611 0.459354
612 0.160972
614 0.306354
616 0.513718
621 0.317047
629 0.15122
632 0.253497
642 0.206416
643 0.242574
647 0.188545
649 0.375127
652 0.295828
654 0.563558
657 0.182029
658 0.552135
660 0.411328
662 0.503808
668 0.247253
674 0.284609
675 0.269074
677 0.168396
678 0.226666
679 0.125407
681 0.213766
682 0.349986
685 0.342544
687 0.362666
688 0.367891
690 0.132722
695 0.34207
700 0.251323
702 0.328423
703 0.322502
706 0.11982
707 0.370818
708 0.423894
710 0.156311
712 0.598498
714 0.332454
715 0.500643
716 0.341453
720 0.36406
723 0.592397
724 0.37435
725 0.242016
727 0.442431
728 0.631894
729 0.15062
731 0.277487
732 0.261828
733 0.420386
742 0.476773
744 0.140046
745 0.364468
751 0.107811
752 0.216141
753 0.315123
754 0.496596
755 0.43683
756 0.192001
759 0.137544
761 0.492189
765 0.216568
769 0.269682
770 0.76754
771 0.425874
772 0.344849
774 0.394676
775 0.330142
777 0.289538
778 0.2713
779 0.46502
783 0.204187
786 0.253937
787 0.342505
788 0.323354
789 0.251772
790 0.583558
791 0.205479
793 0.285078
795 0.560626
796 0.360509
797 0.352718
798 0.179185
800 0.407966
802 0.562218
803 0.327922
807 0.696236
808 0.202081
811 0.176974
813 0.342597
814 0.574456
816 0.515581
817 0.601158
818 0.22885
821 0.166395
822 0.063532
825 0.269179
827 0.137956
828 0.227409
829 0.170146
831 0.177802
841 0.167877
844 0.173268
849 0.262732
851 0.205476
852 0.083323
854 0.194311
885 0.233887
894 0.17002
906 0.238098
907 0.289825
909 0.172177
