108 0.002145
110 0.00428
1268 0.044693
1259 0.01579
1250 0.00765
112 0.001899
113 0.005159
120 0.005026
1271 0.010673
122 0.006538
124 0.009374
1244 0.009675
126 0.008429
127 0.004349
128 0.015497
1263 0.012902
132 0.019068
134 0.002447
140 0.001157
141 0.061554
145 0.004182
147 0.015639
148 0.02221
149 0.005431
150 0.00307
151 0.002105
152 0.011249
154 0.003532
158 0.004273
168 0.018301
169 0.011796
171 0.006505
1288 0.001607
174 0.040251
175 0.009533
177 0
178 0.000711
1302 0.002271
179 0.00173
181 0.003982
182 0.002329
1265 0.004985
184 0.001944
185 0.001561
188 0.00453
189 0.00368
191 0.011358
192 0.014087
195 0.004139
197 0.00145
1282 0.00407
1292 0.003365
204 0.002274
205 0
212 0.005396
214 0.005093
215 0.015158
216 0.002813
217 0.017253
223 0.010728
225 0.003961
227 0.006111
229 0.001739
234 0.00187
236 0.004097
237 0.001059
238 0.002617
239 0.002094
241 0.00397
242 0.00272
243 0.003313
245 0.003868
246 0
251 0.000932
252 9.18e-05
253 0.000878
262 0.002932
266 0.001402
271 0.005604
274 0.004902
275 0.006639
276 0.006099
280 0.007993
283 0.009549
284 0.005729
287 0.002943
289 0.024045
290 0.004531
291 0.017529
1226 0.009492
295 0.005227
298 0.003083
299 0.002024
301 0.005555
302 0.012562
1227 0.005268
304 0.00601
305 0.002626
307 0.00234
315 0.011138
317 0.009606
1228 0.006452
324 0
326 0
328 0.001437
915 0.002107
916 0.005244
917 0.001998
918 0.003308
919 0.000793
920 0.004222
922 0.000603
924 0.00144
927 0.00075
928 0.001305
929 0.015128
931 0
932 0.00226
934 0.00564
937 0.002586
938 0.00413
942 0.001962
3 0.002381
947 0.004057
948 0.002764
949 0.002887
950 0.003949
952 0.001562
953 0.004455
954 0.00074
956 0
958 0.00647
959 0.004295
960 0.00355
962 0
965 0.001836
966 0.091084
967 0.00403
968 0.003985
971 0.01068
972 0.007158
977 0.00994
978 0.005369
979 0.002129
980 0.013709
981 0.011777
7 0.000846
983 0.003648
985 0.00508
986 0.002858
987 0
988 0.001777
989 0.001282
991 0.003177
994 0.002228
998 0.002693
1000 0.000973
1002 0.00193
1003 0.001407
1004 0
1008 0.002061
1009 0.001571
1011 0.001749
1017 0.004237
1023 0.003083
1025 0.005566
1026 0.003379
1030 0.001447
1032 0.001537
1033 0.005406
1034 0.008723
1035 0.001116
1036 0.003464
1037 0.006964
1042 0.008027
1043 0.009091
1046 0.002215
1048 0.011663
1051 0.010864
1052 0.020831
1053 0.000831
1056 0.006658
1057 0.026004
1060 0.002602
1062 0.125173
1063 0.015294
1068 0.00159
1069 0.0232
1070 0.022414
1071 0.002345
1074 0.000596
1077 0.015493
1078 0.002815
1079 0.012216
1080 0.012656
39 0
1082 0.031025
1083 0.000987
1085 0
1086 0.01156
1090 0.005627
1093 0.014167
1094 0.026609
1095 0.001373
1096 0.044316
1098 0.000927
1100 0.001594
1101 0.002793
1102 0
1103 0.035794
1104 0.004194
1106 0.022662
1107 0.002417
1109 0.003052
1113 0.002248
1115 0.003642
1118 0.00418
1120 0.009878
1121 0.001751
1123 0.010977
1125 0.003695
1134 0.003013
1139 0.003093
49 0.002051
52 0.001461
1141 0.006317
1142 0
1146 0.004414
1148 0.004319
1150 0.001662
1154 0.001338
1157 0.001013
1159 0.001597
1160 0.002586
1239 0.001916
1163 0.00147
1164 0.003721
1165 0.002621
1168 0.003495
1170 0.004106
1171 0.001139
1176 0.002742
1187 0.004926
73 0.000651
84 0.001187
89 0.004471
1189 0.000914
1190 0.002456
1192 0.002749
1195 0.001865
1197 0.002155
99 0.002362
1198 0.002095
1205 0.002145
1206 0.006982
1207 0.003028
1209 0.003961
1210 0.001953
1211 0.001531
1212 0.003077
1213 0.004692
1232 0.002628
1223 0
131 0.000142
160 0
164 0
167 0
176 0
186 0.000768
194 0.003866
198 0.002878
199 0.000902
209 0
221 0.002203
250 0
260 0
267 0.001739
279 0.000805
285 0
293 0
296 0.000837
297 0.00223
329 0.001747
331 0
332 0.008479
334 0.002081
339 0.00114
343 0.008744
345 0.005082
1224 0.005055
349 0.009241
350 0.002708
355 0.007312
356 0.015174
357 0.008117
358 0.00967
359 0.013589
360 0.004855
367 0.005246
374 0.005125
375 0.001541
377 0.011689
382 0.001564
385 0.001141
388 0.001733
389 0.00294
390 0
391 0.00119
394 0.00196
395 0.055667
396 0.0048
397 0.021571
399 0.000714
400 0.001756
403 0
406 0.00114
408 0.002888
411 0.012551
413 0.001816
418 0.00121
419 0.002839
422 0.005456
423 0.00033
426 0.005112
427 0.008336
428 0.002917
430 0.00445
432 0.003559
433 0.006615
434 0.012306
435 0.001158
436 0
438 0.013305
443 0.001917
444 0.004223
446 0.003311
448 0.003306
451 0.001969
452 0.013447
453 0.002241
456 0.002657
458 0.006382
459 0.003172
461 0.001823
464 0.014419
466 0.002651
469 0.028472
471 0.0065
480 0.008232
483 0.007569
485 0.01684
489 0.001971
499 0.004588
1218 0.105845
501 0.007572
503 0.011948
505 0.006258
507 0
508 0
510 0.007104
512 0.005914
513 0.049969
514 0.015576
516 0.016427
521 0.007669
524 0.006152
530 0.007052
533 0.018629
537 0.005645
538 0.004773
540 0
543 0.050282
544 0.002313
545 0.002851
548 0.001837
549 0.002594
550 0.002656
551 0.003526
554 0
555 0.004429
556 0.034931
557 0.003181
558 0.042847
560 0.005238
564 0.022126
570 0.00959
571 0
574 0.003223
575 0.007846
576 0.012435
577 0.006512
1233 0.00335
581 0
583 0.005915
1230 0.00681
584 0
588 0.001337
590 0.006409
592 0.005975
594 0.012618
602 0.02931
610 0.004332
611 0.015396
612 0.033699
614 0.010818
616 0.001674
621 0.006358
629 0.008147
632 0.002413
642 0.008651
643 0.002113
647 0.003671
649 0.000993
652 0.001774
654 0.002823
657 0.004947
658 0
660 0.004844
662 0.003043
668 0.002398
674 0.014091
675 0.002141
677 0.008051
678 0.01267
679 0.012065
681 0.010916
682 0.004233
685 0.002593
687 0.002336
688 0.013811
690 0.009436
695 0.007622
700 0
702 0.007259
703 0.007078
706 0.003634
707 0.003105
708 0.005075
710 0.002803
712 0.003777
714 0.007168
715 0.002593
716 0.00484
720 0.004328
723 0.001339
724 0.002385
725 0.001809
727 0.002161
728 0.001891
729 0.007289
731 0.002118
732 0.003206
733 0.002658
742 0.004853
744 0.003729
745 0.005259
751 0.022647
752 0.004624
753 0.005813
754 0.005635
755 0.012327
756 0.025155
759 0.004494
761 0.004329
765 0.005624
769 0.002012
770 0.000999
771 0.004633
772 0.006994
774 0.004301
775 0.043632
777 0.008424
778 0.00623
779 0.002942
783 0.004835
786 0.014142
787 0.011686
788 0.013109
789 0.003376
790 0.003396
791 0.010061
793 0.006949
795 0.006681
796 0.00231
797 0.00934
798 0.003079
800 0.003391
802 0.004565
803 0.001862
807 0.004673
808 0.004227
811 0.025538
813 0.005904
814 0.003403
816 0.006284
817 0.006235
818 0.126157
821 0.004742
822 0.003878
825 0.002715
827 0.002662
828 0.005099
829 0.003001
831 0.003092
841 0.009382
844 0.001572
849 0.002545
851 0.00521
852 0.002914
854 0.007848
885 0.002383
894 0.000856
906 0.001471
907 0.006497
909 0
