108 0
110 0
1268 0
1259 0
1250 0
112 0
113 0
120 0
1271 0
122 0
124 0
1244 0
126 0
127 0
128 0
1263 0
132 0
134 0
140 0
141 0
145 0
147 0
148 0
149 0
150 0
151 0
152 0
154 0
158 0.044975
168 0
169 0
171 0
1288 0
174 0
175 0
177 0
178 0
1302 0
179 0
181 0
182 0
1265 0
184 0
185 0
188 0
189 0
191 0
192 0
195 0
197 0
1282 0
1292 0
204 0
205 0
212 0
214 0
215 0
216 0.060982
217 0
223 0
225 0
227 0.032184
229 0
234 0
236 0
237 0
238 0
239 0
241 0
242 0
243 0.106869
245 0
246 0
251 0
252 0
253 0.198711
262 0
266 0
271 0
274 0
275 0
276 0
280 0
283 0
284 0
287 0
289 0
290 0
291 0
1226 0
295 0
298 0.184793
299 0
301 0
302 0
1227 0
304 0
305 0
307 0
315 0
317 0
1228 0.067069
324 0
326 0.074946
328 0.041735
915 0
916 0
917 0
918 0
919 0.403947
920 0
922 0
924 0
927 0.270454
928 0
929 0
931 0
932 0
934 0
937 0
938 0
942 0.112403
3 0
947 0
948 0
949 0
950 0.291409
952 0
953 0
954 0.508384
956 0.185186
958 0
959 0
960 0
962 0
965 0.065015
966 0
967 0.037973
968 0
971 0.058572
972 0
977 0
978 0
979 0
980 0.24451
981 0
7 0
983 0.07083
985 0
986 0.13511
987 0.502924
988 0
989 0.352804
991 0.093913
994 0
998 0.061854
1000 0
1002 0
1003 0
1004 0
1008 0.120618
1009 0
1011 0
1017 0
1023 0
1025 0
1026 0
1030 0
1032 0
1033 0
1034 0.185153
1035 0
1036 0.062381
1037 0
1042 0
1043 0
1046 0.041479
1048 0
1051 0.04294
1052 0
1053 0
1056 0.058707
1057 0
1060 0.065732
1062 0
1063 0
1068 0
1069 0.034018
1070 0
1071 0.017676
1074 0
1077 0
1078 0
1079 0.044183
1080 0
39 0
1082 0
1083 0.462042
1085 0.685946
1086 0.055081
1090 0
1093 0.086679
1094 0
1095 0
1096 0
1098 0
1100 0
1101 0.195844
1102 0.552221
1103 0
1104 0
1106 0
1107 0
1109 0
1113 0
1115 0
1118 0
1120 0
1121 0.026238
1123 0
1125 0
1134 0.013167
1139 0
49 0.124212
52 0
1141 0
1142 0
1146 0
1148 0.098229
1150 0
1154 0
1157 0.405372
1159 0
1160 0
1239 0.204687
1163 0
1164 0
1165 0
1168 0.105596
1170 0.224258
1171 0
1176 0
1187 0
73 0
84 0.278915
89 0.143381
1189 0
1190 0.151744
1192 0
1195 0.128954
1197 0
99 0.285539
1198 0
1205 0.090342
1206 0
1207 0.030314
1209 0
1210 0.047203
1211 0
1212 0
1213 0.099099
1232 0
1223 0
131 0
160 0
164 0
167 0.329005
176 0
186 0.233136
194 0.077759
198 0
199 0
209 0
221 0
250 0
260 0
267 0
279 0.413144
285 0
293 0.718641
296 0
297 0.191898
329 0
331 0
332 0
334 0
339 0
343 0
345 0
1224 0
349 0
350 0.229347
355 0
356 0.025942
357 0
358 0
359 0
360 0
367 0
374 0
375 0
377 0
382 0
385 0
388 0
389 0.169571
390 0
391 0
394 0
395 0
396 0
397 0.075954
399 0.240321
400 0
403 0.383999
406 0
408 0
411 0
413 0
418 0
419 0
422 0
423 0
426 0.041086
427 0
428 0
430 0.016874
432 0
433 0
434 0
435 0
436 0
438 0
443 0.192658
444 0
446 0
448 0
451 0
452 0
453 0
456 0
458 0
459 0
461 0
464 0.128723
466 0
469 0
471 0
480 0
483 0
485 0
489 0.049441
499 0
1218 0
501 0
503 0
505 0
507 0
508 0
510 0
512 0.216447
513 0.017844
514 0
516 0
521 0
524 0
530 0
533 0
537 0
538 0.108556
540 0
543 0.029379
544 0.049201
545 0
548 0
549 0
550 0
551 0
554 0
555 0
556 0
557 0
558 0
560 0
564 0
570 0
571 0
574 0
575 0
576 0
577 0.019247
1233 0
581 0.312188
583 0
1230 0
584 0
588 0
590 0
592 0
594 0
602 0
610 0
611 0.046277
612 0
614 0
616 0
621 0
629 0.065216
632 0
642 0
643 0
647 0
649 0
652 0
654 0
657 0
658 0
660 0
662 0
668 0
674 0
675 0.046162
677 0
678 0
679 0
681 0
682 0
685 0
687 0
688 0
690 0
695 0
700 0
702 0
703 0
706 0
707 0
708 0
710 0
712 0
714 0
715 0
716 0.191954
720 0
723 0
724 0
725 0
727 0
728 0.314212
729 0
731 0
732 0
733 0
742 0.1604
744 0
745 0
751 0
752 0
753 0
754 0
755 0
756 0
759 0
761 0
765 0
769 0
770 0
771 0
772 0
774 0
775 0
777 0
778 0
779 0
783 0.184256
786 0
787 0.013861
788 0
789 0.145002
790 0
791 0
793 0.055268
795 0
796 0
797 0
798 0
800 0
802 0
803 0.327972
807 0
808 0
811 0.068651
813 0
814 0
816 0
817 0
818 0
821 0
822 0
825 0.082251
827 0
828 0
829 0
831 0
841 0
844 0
849 0
851 0.044416
852 0
854 0
885 0
894 0
906 0
907 0
909 0
