108 0.113194
110 0.186134
1268 0.081947
1259 0.197988
1250 0.129319
112 0.1214
113 0.06688
120 0.091283
1271 0.290155
122 0.420003
124 0.040989
1244 0.027183
126 0.105997
127 0.241053
128 0.072417
1263 0.354072
132 0.03053
134 0.53637
140 0.202352
141 0.11836
145 0.339099
147 0.158475
148 0.096758
149 0.117615
150 0.127402
151 0.082407
152 0.098886
154 0.308899
158 0.077443
168 0.195748
169 0.044401
171 0.139334
1288 0.114677
174 0.037231
175 0.07069
177 0.035322
178 0.118659
1302 0.248444
179 0.03729
181 0.040474
182 0.075869
1265 0.121888
184 0.206314
185 0.110957
188 0.188774
189 0.067627
191 0.006377
192 0.348443
195 0.140776
197 0.317953
1282 0.088712
1292 0.047543
204 0.132351
205 0.169788
212 0.238387
214 0.030041
215 0.149578
216 0.033359
217 0.067485
223 0.125862
225 0.237619
227 0.182425
229 0.13144
234 0.100833
236 0.120783
237 0.020369
238 0.135747
239 0.007939
241 0.034615
242 0.286408
243 0.158322
245 0.216452
246 0.149615
251 0.425626
252 0.185956
253 0.405111
262 0.007121
266 0.086754
271 0.225628
274 0.282236
275 0.089552
276 0.059746
280 0.279453
283 0.024518
284 0.098245
287 0.285415
289 0.040117
290 0.141955
291 0.097816
1226 0.055889
295 0.229642
298 0.141143
299 0.048881
301 0.025201
302 0.228531
1227 0.049638
304 0.256583
305 0.167936
307 0.189726
315 0.025623
317 0.063196
1228 0.080829
324 0.105286
326 0.01916
328 0.166634
915 0.224526
916 0.045225
917 0.128402
918 0.11591
919 0.045559
920 0.0287
922 0
924 0.041008
927 0.072816
928 0.040511
929 0.027095
931 0.070728
932 0.370062
934 0.049242
937 0.541697
938 0.309776
942 0.16425
3 0.475227
947 0.079229
948 0.345354
949 0.182134
950 0.052719
952 0.118931
953 0.066751
954 0.230242
956 0.506187
958 0.060745
959 0.106461
960 0.131441
962 0.082959
965 0.244368
966 0.146208
967 0.107096
968 0.244068
971 0.17131
972 0.287307
977 0.125238
978 0.054442
979 0.235512
980 0.273306
981 0.021347
7 0.29509
983 0.494132
985 0.190361
986 0.101256
987 0.328652
988 0.021248
989 0.127303
991 0.074207
994 0.551479
998 0.3357
1000 0.412019
1002 0.067997
1003 0.48425
1004 0.023883
1008 0.11906
1009 0.01999
1011 0.291976
1017 0.115475
1023 0.042113
1025 0.162548
1026 0.312811
1030 0.101374
1032 0.165343
1033 0.19464
1034 0.111937
1035 0.317156
1036 0.294142
1037 0.081234
1042 0.408172
1043 0.559736
1046 0.266355
1048 0.059911
1051 0.268791
1052 0.280205
1053 0.40757
1056 0.116606
1057 0.081578
1060 0.670346
1062 0.446095
1063 0.344697
1068 0.519524
1069 0.080617
1070 0.360476
1071 0.411843
1074 0.254997
1077 0.074653
1078 0.062752
1079 0.090785
1080 0.044421
39 0.337262
1082 0.103043
1083 0.27277
1085 0.385845
1086 0.089523
1090 0.07139
1093 0.044054
1094 0.175177
1095 0.157815
1096 0.136895
1098 0.261022
1100 0.25886
1101 0.760154
1102 0.098646
1103 0.056396
1104 0.477896
1106 0.186812
1107 0.01645
1109 0.164726
1113 0.269687
1115 0.182823
1118 0.151238
1120 0.027741
1121 0.214565
1123 0.099368
1125 0.136101
1134 0.464653
1139 0.399549
49 0.130698
52 0.116571
1141 0.02569
1142 0.064582
1146 0.197784
1148 0.05944
1150 0.062993
1154 0.056628
1157 0.07088
1159 0.219778
1160 0.31432
1239 0.130482
1163 0.066961
1164 0.164806
1165 0.020731
1168 0.279544
1170 0.019927
1171 0.082848
1176 0.073174
1187 0.228159
73 0.214374
84 0.091639
89 0.269229
1189 0.224491
1190 0.083376
1192 0.070695
1195 0.150041
1197 0.101215
99 0.082828
1198 0.019613
1205 0.040742
1206 0.011737
1207 0.164849
1209 0.229498
1210 0.274915
1211 0.368803
1212 0.515471
1213 0.049336
1232 0.113258
1223 0.331167
131 0.385887
160 0.368406
164 0.432109
167 0.528435
176 0.064918
186 0.368532
194 0.106368
198 0.056526
199 0.318735
209 0.254958
221 0.205194
250 0.049202
260 0.021484
267 0.459227
279 0.177582
285 0.327469
293 0.478811
296 0.31446
297 0.289522
329 0.17516
331 0.108975
332 0.045524
334 0.456523
339 0.023399
343 0.075833
345 0.030701
1224 0.303796
349 0.17509
350 0.144307
355 0.104856
356 0.190412
357 0.06512
358 0.070348
359 0.485769
360 0.069612
367 0.066132
374 0.276921
375 0.224945
377 0.07291
382 0.242712
385 0.636064
388 0.034551
389 0.155482
390 0.075771
391 0.149779
394 0.053729
395 0.021975
396 0.294087
397 0.317812
399 0.221524
400 0.414888
403 0.263135
406 0.190954
408 0.194742
411 0.052797
413 0.090214
418 0.300778
419 0.427197
422 0.108153
423 0.612591
426 0.158615
427 0.170978
428 0.054635
430 0.015527
432 0.326169
433 0.022592
434 0.163834
435 0.075082
436 0.645181
438 0.043889
443 0.230301
444 0.076797
446 0.072111
448 0.227613
451 0.41816
452 0.116759
453 0.248258
456 0.333863
458 0.076773
459 0.239232
461 0.027772
464 0.22564
466 0.426706
469 0.047428
471 0.462135
480 0.21606
483 0.073767
485 0.037005
489 0.5868
499 0.099515
1218 0.097437
501 0.492522
503 0.245975
505 0.160576
507 0.266996
508 0.021072
510 0.078472
512 0.079194
513 0.160047
514 0.172922
516 0.053173
521 0.230751
524 0.122055
530 0.237253
533 0.173019
537 0.309408
538 0.064147
540 0.057831
543 0.151354
544 0.184726
545 0.199204
548 0.07392
549 0.14871
550 0.19081
551 0.225998
554 0.040817
555 0.114959
556 0.060082
557 0.102447
558 0.178258
560 0.226824
564 0.046753
570 0.198857
571 0.293209
574 0.197495
575 0.18504
576 0.231404
577 0.356801
1233 0.083578
581 0.196104
583 0.145761
1230 0.137285
584 0.11445
588 0.203822
590 0.02272
592 0.073803
594 0.259623
602 0.101953
610 0.123927
611 0.115903
612 0.071111
614 0.109671
616 0.082163
621 0.204304
629 0.495426
632 0.48191
642 0.039739
643 0.225201
647 0.072634
649 0.104376
652 0.123053
654 0.234122
657 0.151065
658 0.168428
660 0.200315
662 0.008294
668 0.187336
674 0.136575
675 0.202942
677 0.017883
678 0.108476
679 0.20762
681 0.042087
682 0.188708
685 0.047265
687 0.122578
688 0.300446
690 0.056212
695 0.056406
700 0.069789
702 0.503588
703 0.105683
706 0.037203
707 0.144505
708 0.11495
710 0.321857
712 0.297667
714 0.326327
715 0.044422
716 0.329757
720 0.01438
723 0.074858
724 0.140255
725 0.311248
727 0.037154
728 0.099753
729 0.077322
731 0.064727
732 0.443492
733 0.562148
742 0.121252
744 0.105277
745 0.111542
751 0.077551
752 0.432089
753 0.13169
754 0.138117
755 0.009834
756 0.070398
759 0.34837
761 0.520737
765 0.026954
769 0.23227
770 0.143957
771 0.148982
772 0.162117
774 0.10324
775 0.043489
777 0.357756
778 0.050435
779 0.059261
783 0.208179
786 0.024631
787 0.051401
788 0.282557
789 0.40655
790 0.332809
791 0.146518
793 0.110801
795 0.018182
796 0.224641
797 0.130252
798 0.58066
800 0.109418
802 0.200575
803 0.4759
807 0.208392
808 0.072796
811 0.039907
813 0.560852
814 0.156248
816 0.187026
817 0.082735
818 0.259239
821 0.605139
822 0.323211
825 0.12954
827 0.057047
828 0.084387
829 0.142581
831 0.085734
841 0.157296
844 0.20721
849 0.30631
851 0.115822
852 0.214932
854 0.051043
885 0.303896
894 0.112108
906 0.39937
907 0.063278
909 0.187918
