108 0
110 0
1268 0
1259 0
1250 0
112 0
113 0.003009
120 0.165437
1271 0.062905
122 0.298326
124 0
1244 0
126 0
127 0.107839
128 0
1263 0.061458
132 0
134 0.109505
140 0.020405
141 0.15213
145 0
147 0.04544
148 0
149 0.010717
150 0
151 0
152 0
154 0
158 0
168 0.014175
169 0
171 0
1288 0
174 0
175 0.040236
177 0
178 0
1302 0
179 0
181 0
182 0.010845
1265 0
184 0.235889
185 0
188 0
189 0
191 0
192 0.012032
195 0
197 0
1282 0
1292 0
204 0.023432
205 0
212 0.017783
214 0
215 0.001785
216 0
217 0.015457
223 0
225 0
227 0
229 0.045833
234 0
236 0
237 0
238 0
239 0
241 0
242 0
243 0
245 0.03521
246 0
251 0.002649
252 0
253 0
262 0
266 0
271 0.012182
274 0.014863
275 0
276 0
280 0
283 0
284 0.060024
287 0.014738
289 0
290 0.049351
291 0.004189
1226 0.028678
295 0
298 0.037418
299 0
301 0
302 0.011596
1227 0.019711
304 0.000162
305 0
307 0
315 0
317 0
1228 0
324 0
326 0
328 0.017382
915 0.01881
916 0.003762
917 0
918 0
919 0
920 0
922 0
924 0
927 0
928 0
929 0
931 0
932 0.004071
934 0
937 0.014857
938 0.009059
942 0
3 0
947 0
948 0
949 0.059368
950 0
952 0
953 0
954 0.006151
956 0.179788
958 0
959 0
960 0
962 0
965 0
966 0
967 0
968 0
971 0
972 0
977 0
978 0
979 0
980 0
981 0
7 0
983 0
985 0
986 0
987 0.014737
988 0
989 0
991 0.030031
994 0
998 0.046384
1000 0.064369
1002 0
1003 0
1004 0
1008 0
1009 0
1011 0.063571
1017 0.033014
1023 0
1025 0.2882
1026 0.009121
1030 0
1032 0
1033 0
1034 0
1035 0
1036 0
1037 0
1042 0.002408
1043 0.001273
1046 0.042473
1048 0
1051 0
1052 0
1053 0.15052
1056 0
1057 0
1060 0.017439
1062 0
1063 0
1068 0
1069 0
1070 0
1071 0.057577
1074 0
1077 0
1078 0.028438
1079 0
1080 0
39 0.01233
1082 0.050504
1083 0
1085 0.005388
1086 0
1090 0
1093 0
1094 0.035438
1095 0
1096 0.303126
1098 0
1100 0
1101 0
1102 0
1103 0
1104 0
1106 0
1107 0
1109 0.029725
1113 0
1115 0.007308
1118 0
1120 0
1121 0.069307
1123 0
1125 0.047242
1134 0.044631
1139 0
49 0
52 0
1141 0
1142 0
1146 0
1148 0
1150 0
1154 0
1157 0
1159 0.005801
1160 0.033025
1239 0.09231
1163 0
1164 0.008997
1165 0
1168 0.129435
1170 0.001726
1171 0
1176 0.021275
1187 0
73 0
84 0.017824
89 0
1189 0.045446
1190 0
1192 0
1195 0
1197 0
99 0
1198 0
1205 0
1206 0
1207 0
1209 0
1210 0
1211 0.117939
1212 0
1213 0.012636
1232 0
1223 0.021013
131 0.109412
160 0
164 0.00707
167 0
176 0
186 0
194 0
198 0
199 0
209 0
221 0.005289
250 0
260 0
267 0.003007
279 0
285 0.163442
293 0
296 0
297 0.183776
329 0
331 0.00618
332 0
334 0
339 0
343 0
345 0
1224 0
349 0.054907
350 0.239
355 0
356 0.048692
357 0
358 0
359 0.013862
360 0
367 0
374 0
375 0
377 0
382 0
385 0.160296
388 0
389 0
390 0
391 0
394 0
395 0
396 0
397 0
399 0
400 0.047258
403 0
406 0
408 0.069861
411 0.067475
413 0.024369
418 0
419 0.06395
422 0.064941
423 0
426 0
427 0.060751
428 0
430 0
432 0
433 0
434 0
435 0
436 0
438 0.00465
443 0
444 0
446 0
448 0
451 0
452 0
453 0
456 0
458 0
459 0.006034
461 0
464 0
466 0.002032
469 0
471 0
480 0
483 0
485 0
489 0
499 0.01179
1218 0.052477
501 0
503 0.016533
505 0.010636
507 0.004343
508 0
510 0
512 0
513 0.015435
514 0.000468
516 0.111397
521 0
524 0
530 0
533 0
537 0
538 0
540 0
543 0
544 0
545 0
548 0
549 0.004118
550 0
551 0.413909
554 0
555 0
556 0
557 0
558 0.01771
560 0.017092
564 0.003776
570 0
571 0.01308
574 0
575 0.05262
576 0
577 0
1233 0
581 0
583 0
1230 0
584 0
588 0
590 0
592 0
594 0
602 0
610 0
611 0.0843
612 0
614 0.083811
616 0
621 0.10141
629 0
632 0
642 0
643 0.000811
647 0.021468
649 0
652 0.007037
654 0
657 0.160928
658 0.097785
660 0
662 0
668 0.057396
674 0
675 0.016676
677 0
678 0
679 0.052213
681 0
682 0.046967
685 0
687 0
688 0
690 0
695 0
700 0
702 0
703 0
706 0
707 0.012661
708 0
710 0.008284
712 0.016185
714 0
715 0.007111
716 0.17803
720 0
723 0
724 0
725 0.021497
727 0
728 0
729 0.017049
731 0
732 0.191083
733 0
742 0
744 0
745 0
751 0.007156
752 0.326024
753 0.040012
754 0
755 0
756 0
759 0.218975
761 0.006822
765 0
769 0.038262
770 0
771 0
772 0
774 0
775 0
777 0.005447
778 0
779 0
783 0
786 0
787 0
788 0
789 0
790 0.10865
791 0
793 0
795 0
796 0
797 0
798 0
800 0
802 0
803 0.00741
807 0
808 0
811 0
813 0
814 0.024436
816 0
817 0
818 0
821 0
822 0.227228
825 0
827 0
828 0
829 0.005156
831 0
841 0
844 0.032523
849 0.002848
851 0
852 0.013164
854 0
885 0
894 0
906 0
907 0
909 0
