108 0.100408
110 0.01595
1268 0
1259 0
1250 0
112 0
113 0
120 0
1271 0
122 0
124 0
1244 0
126 0
127 0
128 0.349623
1263 0
132 0.059624
134 0
140 0
141 0.481522
145 0.027425
147 0.319036
148 0.346938
149 0
150 0
151 0.151343
152 0
154 0
158 0.175655
168 0
169 0.19431
171 0.071298
1288 0
174 0
175 0
177 0
178 0
1302 0
179 0
181 0
182 0
1265 0
184 0
185 0
188 0.292226
189 0
191 0
192 0
195 0
197 0
1282 0
1292 0
204 0
205 0
212 0
214 0
215 0
216 0
217 0
223 0.042473
225 0
227 0.04644
229 0
234 0
236 0
237 0
238 0
239 0
241 0
242 0
243 0.039112
245 0
246 0
251 0
252 0
253 0
262 0
266 0
271 0.032288
274 0
275 0.03053
276 0
280 0
283 0
284 0
287 0
289 0.056057
290 0
291 0.044258
1226 0.05383
295 0
298 0
299 0
301 0
302 0
1227 0
304 0
305 0
307 0
315 0.075181
317 0.1102
1228 0.216565
324 0.062677
326 0
328 0
915 0
916 0
917 0
918 0
919 0
920 0
922 0
924 0
927 0
928 0
929 0.173413
931 0
932 0
934 0.011111
937 0
938 0
942 0
3 0
947 0
948 0
949 0.3618
950 0
952 0
953 0
954 0
956 0
958 0
959 0
960 0
962 0
965 0
966 0.276437
967 0.129611
968 0
971 0.243111
972 0
977 0
978 0
979 0
980 0
981 0
7 0
983 0
985 0
986 0
987 0
988 0
989 0
991 0
994 0
998 0
1000 0
1002 0
1003 0
1004 0
1008 0
1009 0
1011 0
1017 0
1023 0
1025 0
1026 0
1030 0
1032 0
1033 0
1034 0
1035 0
1036 0
1037 0
1042 0
1043 0
1046 0
1048 0
1051 0
1052 0
1053 0
1056 0
1057 0
1060 0
1062 0.159609
1063 0.077108
1068 0
1069 0.03661
1070 0
1071 0
1074 0
1077 0
1078 0
1079 0.156313
1080 0
39 0
1082 0
1083 0
1085 0
1086 0.178141
1090 0
1093 0
1094 0
1095 0
1096 0.056671
1098 0
1100 0
1101 0
1102 0
1103 0
1104 0
1106 0.060754
1107 0
1109 0
1113 0
1115 0
1118 0
1120 0.024112
1121 0
1123 0.310075
1125 0
1134 0
1139 0
49 0
52 0
1141 0
1142 0
1146 0.101327
1148 0
1150 0
1154 0
1157 0
1159 0
1160 0
1239 0
1163 0
1164 0
1165 0
1168 0
1170 0
1171 0
1176 0
1187 0.068325
73 0
84 0
89 0
1189 0
1190 0
1192 0.05226
1195 0
1197 0
99 0
1198 0
1205 0
1206 0
1207 0
1209 0
1210 0
1211 0
1212 0.141926
1213 0
1232 0
1223 0
131 0
160 0
164 0
167 0
176 0
186 0
194 0
198 0
199 0
209 0
221 0
250 0
260 0
267 0
279 0
285 0
293 0
296 0
297 0
329 0
331 0
332 0
334 0
339 0
343 0
345 0
1224 0.097161
349 0
350 0
355 0
356 0.206234
357 0
358 0.084197
359 0
360 0
367 0.022772
374 0
375 0
377 0.151603
382 0
385 0
388 0
389 0
390 0
391 0
394 0.014568
395 0
396 0
397 0
399 0
400 0
403 0
406 0
408 0
411 0.218673
413 0
418 0
419 0
422 0
423 0
426 0.182687
427 0
428 0
430 0
432 0
433 0
434 0
435 0
436 0
438 0.023615
443 0
444 0.009878
446 0
448 0
451 0
452 0
453 0
456 0
458 0
459 0
461 0
464 0
466 0
469 0.427619
471 0
480 0.058415
483 0.063261
485 0
489 0
499 0
1218 0
501 0.240501
503 0.032157
505 0
507 0
508 0
510 0
512 0.208309
513 0.043442
514 0.051505
516 0.159024
521 0
524 0.040415
530 0
533 0
537 0.252251
538 0
540 0
543 0.041435
544 0
545 0
548 0
549 0
550 0
551 0
554 0
555 0.031288
556 0
557 0
558 0.047331
560 0
564 0
570 0.030546
571 0
574 0
575 0.257662
576 0
577 0.122407
1233 0
581 0
583 0.145309
1230 0.106722
584 0
588 0
590 0
592 0.331143
594 0
602 0.283761
610 0
611 0
612 0.214307
614 0.124985
616 0
621 0
629 0
632 0
642 0.033764
643 0
647 0
649 0
652 0
654 0
657 0.282422
658 0
660 0
662 0
668 0
674 0
675 0
677 0.136254
678 0
679 0
681 0.111985
682 0
685 0
687 0
688 0.238327
690 0.023609
695 0.078383
700 0
702 0.235862
703 0.050471
706 0
707 0
708 0
710 0
712 0
714 0
715 0
716 0.016552
720 0
723 0
724 0
725 0
727 0
728 0
729 0
731 0
732 0
733 0
742 0.045884
744 0
745 0
751 0
752 0
753 0.016094
754 0.04611
755 0
756 0
759 0
761 0.024961
765 0
769 0
770 0
771 0
772 0.095257
774 0
775 0.019543
777 0
778 0.212084
779 0
783 0.037715
786 0.051654
787 0.098451
788 0.088323
789 0
790 0
791 0
793 0
795 0.008668
796 0
797 0.040476
798 0.112066
800 0
802 0
803 0
807 0
808 0
811 0
813 0
814 0
816 0.056626
817 0
818 0
821 0.13066
822 0
825 0
827 0
828 0
829 0
831 0
841 0
844 0
849 0
851 0
852 0.06599
854 0
885 0
894 0
906 0
907 0
909 0
