108 0.000866
110 0.021709
1268 0.005088
1259 0.00141
1250 0.000587
112 0.002088
113 0
120 0.000341
1271 0.001522
122 0.004368
124 0.002066
1244 0.000698
126 0.002108
127 0.000854
128 0.002241
1263 0.00044
132 0.001092
134 0.000565
140 0
141 0
145 0
147 0.00184
148 0.007786
149 0.000947
150 0.002578
151 0.002005
152 0.000138
154 0.007152
158 4.73e-05
168 0.000542
169 0.000168
171 0
1288 0.000973
174 0.000154
175 0.00017
177 0
178 0.010874
1302 0.011288
179 0.002768
181 0
182 0
1265 0.00124
184 0.000225
185 0.024188
188 0
189 0.00227
191 0
192 0.001034
195 0
197 0.002749
1282 0
1292 0
204 0
205 0.002321
212 0.003722
214 0.00812
215 0.004256
216 0.001133
217 0.003316
223 0
225 0.005419
227 0.006277
229 0.003525
234 0.007475
236 0.008172
237 0.00043
238 0.009224
239 0
241 0.000597
242 0.000495
243 0
245 0.002187
246 0.000356
251 0.006374
252 0
253 0.001895
262 0.001569
266 0.000443
271 0.000846
274 0.001755
275 0.008133
276 0
280 0.000343
283 0.002161
284 0.000389
287 0.006064
289 0.002399
290 0.001278
291 0.00367
1226 0.002317
295 0.011033
298 0.001408
299 0.001055
301 0.003452
302 0.00163
1227 0.004635
304 0.006298
305 0.001758
307 0.001666
315 0.00501
317 0.009265
1228 0.002718
324 0
326 0.001009
328 0
915 0.001642
916 0
917 0.001849
918 0.000188
919 0.006331
920 0.000398
922 0
924 0.000248
927 0.001233
928 0.005703
929 0.000359
931 0.006074
932 0.006533
934 0.000503
937 0.001186
938 0.004743
942 0.000947
3 0.000943
947 0.010497
948 0.007923
949 0.002889
950 0.003549
952 0.002079
953 0.006477
954 0.001736
956 0.002426
958 0.00495
959 0.009754
960 0.003
962 0.000807
965 0.010448
966 0.001592
967 0.000489
968 0.004768
971 0.003869
972 0.003028
977 0.005546
978 0.005873
979 0.02836
980 0.003916
981 0.003172
7 0.005015
983 0
985 0.002508
986 0.002216
987 0.002166
988 0.002576
989 0.003291
991 0
994 0
998 0.052989
1000 0.000164
1002 0.003958
1003 0.00834
1004 0.002348
1008 0.00086
1009 0.001544
1011 0.000832
1017 0.000816
1023 0.001716
1025 0.002715
1026 0.001114
1030 0.002983
1032 0
1033 0.008975
1034 0.001098
1035 0.002296
1036 0
1037 0.003182
1042 0.00459
1043 0.029626
1046 0.001228
1048 0.005153
1051 0
1052 0.004118
1053 0.000289
1056 0.000183
1057 0
1060 0.004757
1062 0.000341
1063 0.00042
1068 0
1069 0.005425
1070 0.000635
1071 0.002608
1074 0.004418
1077 0.006087
1078 5.63e-05
1079 0.000215
1080 0.007135
39 0.002746
1082 0.000166
1083 0.006105
1085 0.006878
1086 0.007889
1090 0.000593
1093 0.003336
1094 0.000592
1095 0.005138
1096 9.21e-05
1098 0.008253
1100 0.001967
1101 0
1102 0.010656
1103 0
1104 0.002857
1106 0.003811
1107 0.008419
1109 0.0022
1113 0.018925
1115 0.009158
1118 0.000425
1120 0.001521
1121 0.000619
1123 0.001127
1125 0.005115
1134 0.002196
1139 0
49 0.003662
52 0.003953
1141 0.004883
1142 0.007575
1146 0
1148 0.001404
1150 0.000676
1154 0.001027
1157 4.59e-05
1159 0.006405
1160 0.004059
1239 0.001235
1163 0.003286
1164 0.008527
1165 0.005934
1168 0.000382
1170 0.001568
1171 0.001045
1176 0.000655
1187 0.000511
73 0.004193
84 0.0045
89 0.012579
1189 0.003014
1190 8.53e-05
1192 0.007266
1195 0.013093
1197 0.000219
99 0.007243
1198 0.000231
1205 0.002373
1206 0.000757
1207 0.000286
1209 0.008814
1210 0.00095
1211 8.15e-05
1212 0.000233
1213 0.001261
1232 0.000951
1223 0.002205
131 0.000203
160 0.000999
164 0.004845
167 0
176 0.003998
186 0.00241
194 6.72e-05
198 0.001542
199 0.000509
209 0.003788
221 0.000638
250 0.002003
260 0
267 0.004537
279 0
285 0.000593
293 0.008972
296 0.000218
297 0
329 0.000573
331 0.004074
332 0.003097
334 0.007296
339 0.004219
343 0
345 0
1224 0.001229
349 0.001733
350 0.001602
355 0
356 0.002165
357 0
358 0.000529
359 0.003998
360 0.005862
367 0
374 0
375 0
377 7.55e-05
382 0.025097
385 0.002541
388 0
389 0
390 0.006193
391 0.009517
394 0.000295
395 0.008505
396 0.014154
397 0.001215
399 0
400 0.002636
403 0
406 0.007772
408 5.95e-05
411 0.000237
413 0.001799
418 0.013811
419 0.003275
422 0
423 0.004852
426 0.000283
427 0.003677
428 0.004867
430 0.005194
432 0.001451
433 0
434 0
435 0.002294
436 0.00235
438 0
443 0.005774
444 0.000738
446 0.002095
448 0.004547
451 0.003228
452 0.00072
453 0
456 0.00037
458 0.009084
459 0.001578
461 0
464 0.011736
466 0.000697
469 0.000717
471 0.007177
480 0.001285
483 0.005707
485 0.000575
489 0
499 0.002307
1218 0.002582
501 0.004348
503 0.00221
505 0.002137
507 0.006442
508 0.003243
510 0.012641
512 0.001123
513 0.000293
514 0.002123
516 0.000696
521 0.001806
524 0
530 0
533 0.001851
537 0
538 0.010303
540 0.001049
543 0.002718
544 0.006826
545 0.004188
548 0.002577
549 0.003855
550 0.004232
551 0.004153
554 0.001351
555 0.009211
556 0.001731
557 0.008785
558 0.011352
560 0.001644
564 0.005859
570 0.010808
571 0.003105
574 0.005038
575 0.002395
576 0.004042
577 3.45e-05
1233 0.004144
581 0.003203
583 0.00637
1230 0.001081
584 0.005382
588 0.000168
590 0.012024
592 0.003852
594 0.000731
602 0.000456
610 0
611 2.45e-05
612 0.002118
614 0
616 0.000307
621 0.007617
629 0.001978
632 0.000652
642 0.00128
643 0.001576
647 8.24e-05
649 0.000599
652 0.001274
654 0.009855
657 6.11e-05
658 0
660 0.006387
662 0.002415
668 0.001416
674 0.000569
675 0.002309
677 0.000169
678 0.002773
679 0.001899
681 0.000719
682 0.002657
685 0
687 0.002487
688 0.001618
690 0.005806
695 0.004005
700 0.006012
702 0.002704
703 0.005539
706 0.004354
707 0.004238
708 0.007455
710 0.012559
712 0
714 0.005402
715 0
716 0.000679
720 0
723 0
724 0
725 0.002881
727 0.017338
728 0.005533
729 0.003339
731 0.000447
732 0.003812
733 0.013016
742 0.004217
744 0.006439
745 0.009401
751 0.002142
752 0.001293
753 0.001711
754 0
755 0.006037
756 0.002383
759 0.000113
761 0.00285
765 0.007382
769 0.002529
770 0.000525
771 0.000888
772 0.002897
774 0.003987
775 0.002211
777 0.004425
778 0
779 0.009065
783 0.004144
786 0.000591
787 0.001429
788 0.003988
789 0
790 0.002084
791 0.001675
793 0.003675
795 0
796 0.004227
797 0
798 0.003284
800 0.004781
802 0.046314
803 0.000274
807 0.005591
808 0.001126
811 0.002628
813 3.81e-05
814 0.003487
816 0.003349
817 0.01337
818 0.009384
821 0.003371
822 0.006943
825 0.002028
827 0.000816
828 0.004325
829 0.00279
831 0.001566
841 0.006126
844 0.00111
849 0.003658
851 0.000584
852 0
854 0.006015
885 0.004246
894 0.002
906 0.001949
907 0
909 0.000128
