108 0
110 1
1268 0
1259 0
1250 0
112 0
113 0
120 0
1271 0
122 0
124 0
1244 0
126 0
127 0
128 0
1263 0.305865
132 0
134 1
140 1
141 0
145 0
147 0
148 0
149 0
150 0
151 0
152 0
154 0
158 0
168 0
169 0
171 0
1288 0
174 0
175 0
177 0
178 0
1302 0
179 0
181 0
182 0
1265 0
184 0
185 0
188 0
189 0
191 0
192 0
195 0
197 1
1282 0
1292 0
204 0
205 0
212 0.058131
214 0
215 0
216 0
217 0
223 0
225 0
227 0
229 0
234 0
236 0
237 0
238 0
239 0
241 0
242 0
243 0
245 0
246 0.578106
251 0
252 0
253 0
262 0
266 0.152851
271 0.052419
274 0.45984
275 0
276 0
280 0.014492
283 0
284 0.066548
287 0
289 0
290 0.254488
291 0.183029
1226 0.216307
295 0
298 0.05743
299 0
301 0
302 0.53541
1227 0
304 0
305 0.307653
307 0.767576
315 0
317 0
1228 0.040726
324 0
326 0
328 0
915 0
916 0
917 0
918 0
919 0
920 0
922 0
924 0.034035
927 0
928 0
929 0
931 0
932 0
934 0
937 1
938 0
942 0
3 0
947 0
948 0
949 0
950 0
952 0
953 0
954 0.820966
956 0.739834
958 0
959 0
960 0
962 0
965 0.02449
966 0
967 0
968 0
971 0.02633
972 0
977 0
978 0
979 0
980 0
981 0
7 0
983 0
985 0
986 0
987 0.564664
988 0
989 0
991 0
994 0
998 0.004102
1000 0.511853
1002 0
1003 0
1004 0
1008 0
1009 0.092865
1011 0.396972
1017 0
1023 0
1025 0
1026 0
1030 0
1032 0.624161
1033 0
1034 0
1035 0
1036 0
1037 0
1042 0.636781
1043 0
1046 0.106705
1048 0
1051 0
1052 0
1053 0.021581
1056 0
1057 0
1060 0.314591
1062 0
1063 0.620641
1068 0.74526
1069 0
1070 0.329351
1071 0.168373
1074 0.084649
1077 0
1078 0
1079 0.151375
1080 0
39 1
1082 0.042268
1083 0.075531
1085 0
1086 0
1090 0
1093 0
1094 0.234138
1095 0.131823
1096 0.197901
1098 0.08613
1100 0.129692
1101 0.320829
1102 0
1103 0
1104 0
1106 0
1107 0
1109 0
1113 0
1115 0
1118 0
1120 0
1121 0
1123 0
1125 0
1134 0
1139 0
49 0
52 0
1141 0
1142 0
1146 0.787745
1148 0
1150 0
1154 0
1157 0
1159 0
1160 0.191201
1239 0
1163 0
1164 0
1165 0
1168 0
1170 0
1171 0
1176 0
1187 0.108138
73 0
84 0
89 0
1189 0
1190 0
1192 0
1195 0
1197 0
99 0
1198 0
1205 0
1206 0
1207 0
1209 0
1210 0
1211 0.467458
1212 0
1213 0
1232 0
1223 0
131 0.511297
160 0
164 0
167 0
176 0
186 0
194 0.643349
198 0
199 0
209 0
221 0.327378
250 0
260 0
267 0
279 0
285 0
293 0
296 0
297 0
329 0
331 0
332 0.103258
334 0
339 0
343 0
345 0
1224 0
349 0.421018
350 0
355 0.363689
356 0.549032
357 0
358 0
359 0.236466
360 0
367 0
374 0
375 0
377 0
382 0
385 0
388 0
389 0
390 0
391 0
394 0
395 0
396 0
397 0
399 0
400 0.043131
403 0
406 0
408 0
411 0
413 0
418 0
419 0.531759
422 0
423 0
426 0
427 0.741625
428 0
430 0
432 1
433 0
434 0
435 0
436 0
438 0
443 0
444 0.549984
446 0
448 0
451 0
452 0
453 0
456 0
458 0
459 0
461 0
464 0
466 0.158795
469 0
471 0
480 0.83164
483 0
485 0
489 0.662354
499 0
1218 0.334825
501 0.753094
503 0.07386
505 0
507 0.212001
508 0
510 0
512 0
513 0.009312
514 0
516 0
521 0
524 0
530 1
533 0.030907
537 0
538 0
540 0
543 0
544 0
545 0
548 0.127534
549 0
550 0
551 0
554 0
555 0
556 0
557 0
558 0
560 0.034228
564 0
570 0.512824
571 0.613494
574 0
575 0.55085
576 0
577 0
1233 0.176438
581 0
583 0
1230 0
584 0
588 0
590 0
592 0
594 0
602 0.18018
610 0
611 0.339143
612 0
614 0.423665
616 0.074294
621 0
629 0
632 0
642 0
643 0
647 0
649 0
652 0.248277
654 0
657 0
658 0.250259
660 0.828801
662 0
668 0
674 0
675 0
677 0
678 0
679 0
681 0
682 0.04147
685 0
687 0
688 0.872452
690 0
695 0
700 0
702 0.82226
703 0
706 0
707 0.365684
708 0.271617
710 0
712 0.185031
714 0
715 0
716 0.531694
720 0
723 0
724 0
725 0.78025
727 0
728 0.025063
729 0
731 0
732 0.617317
733 0.85039
742 0
744 0
745 0
751 0
752 0.277667
753 0
754 0
755 0
756 0
759 0
761 0
765 0
769 0
770 0
771 0.098623
772 0
774 0
775 0
777 0.261817
778 0
779 0
783 0
786 0
787 0
788 0
789 0
790 0
791 0
793 0
795 0
796 0
797 0
798 0.204245
800 0
802 0
803 0
807 0.429205
808 0
811 0
813 0.608177
814 0.148157
816 0
817 0
818 0
821 0.178777
822 0
825 0
827 0
828 0
829 0
831 0
841 0
844 0
849 0
851 0
852 0
854 0
885 0
894 0
906 0
907 0
909 0.754805
