108 0
110 0.843368
1268 0
1259 0.001176
1250 0.002359
112 0.008923
113 0.014076
120 0.100927
1271 0.000312
122 0
124 0
1244 0
126 0
127 0
128 0
1263 0.044361
132 0
134 0
140 0
141 0
145 0.962651
147 0
148 0
149 0
150 0.807946
151 0
152 0
154 0.954185
158 0.227391
168 0.001346
169 0
171 0.883727
1288 0.767101
174 0
175 0.000747
177 0.944268
178 0
1302 0
179 0
181 0.002606
182 0.893186
1265 0.000233
184 0.000625
185 0
188 0
189 0.872339
191 0.679024
192 8.5e-05
195 0
197 0
1282 0.958751
1292 0.62691
204 0.882915
205 0.977995
212 0.873855
214 0.848353
215 0.274176
216 0
217 0.478398
223 0.923174
225 0.955416
227 0.936013
229 0.873643
234 0.94295
236 0.869106
237 0
238 0.922616
239 0.619414
241 0.959682
242 0.938852
243 0.933191
245 0.913848
246 0.974424
251 0.967599
252 0.907369
253 0.944214
262 0.685321
266 0.923719
271 0.903301
274 0.895411
275 0.818883
276 0
280 0.312153
283 0.905309
284 0.332881
287 0.893856
289 0.905256
290 0.598492
291 0.779406
1226 0.57806
295 0.898327
298 0.601961
299 0.93701
301 0.824282
302 0.910432
1227 0.773231
304 0.965845
305 0.873069
307 0.933935
315 0.748103
317 0.858514
1228 0.299354
324 0.929903
326 0.842078
328 0
915 0.932116
916 0.938654
917 0.929391
918 0.365013
919 1
920 0
922 0
924 0.872897
927 0.18414
928 0.78584
929 0
931 0.931449
932 0.937895
934 0
937 0.874322
938 0.921033
942 0.018387
3 0.978694
947 0.870263
948 0.941953
949 0.332533
950 0.713675
952 0.928456
953 0
954 0.948025
956 0.245652
958 0.909293
959 0.845139
960 0.939492
962 0.526057
965 0.825988
966 0.927556
967 0
968 0.813
971 0
972 0.934578
977 0.382937
978 0.85369
979 0.797206
980 0.964804
981 0.912661
7 0.949207
983 1
985 0.937668
986 0.909129
987 0.939616
988 0.168314
989 0.896708
991 0.420445
994 0.253477
998 0
1000 0.857323
1002 0.903866
1003 0.962987
1004 0.880361
1008 0.389558
1009 0.818638
1011 0
1017 0.828353
1023 0.884042
1025 0
1026 0.696461
1030 0.90568
1032 0.874609
1033 0.918372
1034 0.956734
1035 1
1036 0
1037 0.919632
1042 0.939676
1043 0.915648
1046 0.032753
1048 0.894369
1051 0.840916
1052 0.664676
1053 0.001711
1056 0
1057 0
1060 0
1062 0.61555
1063 0.899079
1068 0.399917
1069 0.77777
1070 0.963197
1071 0.549077
1074 0.948387
1077 0.799175
1078 0.232145
1079 0.066697
1080 0.814985
39 0.937273
1082 0.002823
1083 0.514836
1085 0.944226
1086 0.012396
1090 0.649671
1093 0.779927
1094 0
1095 0.876663
1096 0
1098 0.944534
1100 0.899474
1101 0.958048
1102 0.878338
1103 0
1104 0.729155
1106 0.943996
1107 0.723719
1109 0.918157
1113 0.787658
1115 0.912173
1118 0.911973
1120 0.871202
1121 0.629932
1123 0.207717
1125 0
1134 0.885696
1139 0.662538
49 0.920835
52 0.894802
1141 0.755979
1142 0.880406
1146 0.338001
1148 0
1150 0.000526
1154 0
1157 0
1159 0.936453
1160 0.895441
1239 0
1163 0.736616
1164 0.93197
1165 0.596412
1168 0.012108
1170 0.826551
1171 0.789134
1176 0.838382
1187 0.911671
73 0
84 0.000247
89 0.897033
1189 0.584227
1190 0.001209
1192 0.859422
1195 0.872472
1197 0.006467
99 0.726097
1198 0.690895
1205 0
1206 0.87882
1207 0.879298
1209 0.911025
1210 0
1211 0.002075
1212 0.048831
1213 0.165349
1232 0.944531
1223 0.896183
131 0.536026
160 0.978554
164 0.963277
167 1
176 0.896896
186 0.040425
194 0
198 0.931546
199 0.829024
209 0.94712
221 0.936265
250 0.880943
260 0.867357
267 0.888376
279 1
285 0.000944
293 0.945365
296 0.450006
297 0.068049
329 0
331 0.114691
332 0.903757
334 0.916101
339 0.714605
343 0.836537
345 0.72143
1224 0
349 0.247631
350 0
355 0
356 0.20656
357 0.927136
358 0.896846
359 0.191456
360 1
367 0.301564
374 0.964983
375 0
377 0
382 0.866862
385 0
388 0.692881
389 0.39773
390 0.926233
391 0.954045
394 1
395 0.142325
396 0.950898
397 0.667065
399 0
400 0.148928
403 1
406 0.898967
408 0.135136
411 0
413 0.448506
418 1
419 0.003859
422 0.799451
423 0.955342
426 0.038394
427 0
428 0.897507
430 0.663234
432 0.222178
433 0.884257
434 0.937924
435 0.780231
436 1
438 0.000558
443 0.94711
444 0
446 0.868573
448 0.885302
451 0.024237
452 0
453 0.221674
456 0.938273
458 0.917233
459 0.327489
461 0.708286
464 0.921112
466 0.962144
469 0.186566
471 0.833562
480 0.778319
483 0.883356
485 0
489 0.943703
499 0.730683
1218 0.000946
501 0.511382
503 0.886483
505 0.936847
507 0.938484
508 0.757931
510 0.810326
512 1
513 0.664353
514 0.952406
516 0.001163
521 0.857724
524 0.903918
530 0.758763
533 0.146407
537 0.247782
538 0.798111
540 0.973053
543 0.92626
544 0.890522
545 0.286314
548 0
549 0.020242
550 0.816243
551 0
554 0.952842
555 0.915049
556 0.08312
557 0
558 0.904588
560 0.861438
564 0.898958
570 0.914693
571 0.92172
574 0.900083
575 0.000102
576 0.902484
577 0.499311
1233 0.92869
581 0.96507
583 0.201685
1230 0.038735
584 0.964653
588 0.844649
590 0.704278
592 0.252992
594 0.569904
602 0
610 0
611 0
612 0.006623
614 0.203062
616 0.954119
621 0.005207
629 0.237042
632 0
642 0.917677
643 0.958732
647 0
649 0.791475
652 0
654 0.960283
657 0
658 0.375764
660 0.951637
662 0.586216
668 0.735782
674 0
675 0
677 0.487319
678 0.923342
679 0.67072
681 0
682 0.319258
685 0.969404
687 0.318567
688 0
690 0.848194
695 0.87937
700 0.912636
702 0.205021
703 0.921446
706 0.874471
707 0.834216
708 0.935908
710 0.813294
712 0.946182
714 0.950146
715 0.906811
716 0.188161
720 0.788634
723 0.289587
724 0.518034
725 0.906893
727 0.761485
728 0.874683
729 0
731 0.059528
732 0.415884
733 0.755597
742 0.92581
744 0
745 0.711763
751 0.825464
752 0.363492
753 0.812545
754 0.904679
755 0.720592
756 0.214136
759 0
761 0.844446
765 0.76133
769 0.93419
770 0.596927
771 0.800138
772 0
774 0.937908
775 0.91567
777 0.904078
778 1
779 0.770933
783 0.883065
786 0.777876
787 0.272149
788 1
789 0.952594
790 0
791 0.893043
793 0
795 0.926773
796 0.709016
797 0.926658
798 0.385003
800 0.838058
802 0.790105
803 0.931413
807 0.917448
808 0.928334
811 0.838523
813 0.479186
814 0.924118
816 0.902009
817 0.836982
818 0.914517
821 0.55845
822 0
825 0.900888
827 0.042765
828 0.918998
829 0.128242
831 0.907315
841 0.909565
844 0.085254
849 0.943231
851 0.145929
852 0
854 0.833519
885 0.923445
894 0.148699
906 0.518541
907 0.802507
909 0.448951
