108 0
110 0.005109
1268 0.002609
1259 0.002459
1250 0
112 0.008111
113 0.004115
120 0.006018
1271 0.002935
122 0
124 0
1244 0.012875
126 0
127 0
128 0
1263 0
132 0
134 0.006159
140 0.006662
141 0
145 0
147 0
148 0
149 0
150 0.008166
151 0
152 0
154 0
158 0.001846
168 0
169 0
171 0
1288 0
174 0.006487
175 0.006558
177 0
178 0
1302 0
179 0
181 0.001315
182 0
1265 0
184 0
185 0.004676
188 0
189 0
191 0.002215
192 0
195 0.006139
197 0
1282 0
1292 0.009525
204 0
205 0
212 0.005664
214 0
215 0
216 0.006578
217 0
223 0.002504
225 0
227 0
229 0
234 0
236 0
237 0.004747
238 0
239 0
241 0
242 0
243 0
245 0
246 0
251 0
252 0
253 0
262 0.004658
266 0
271 0
274 0.003273
275 0
276 0.007865
280 0.005656
283 0
284 0
287 0
289 0
290 0.005827
291 0
1226 0.006328
295 0
298 0
299 0
301 0
302 0
1227 0
304 0
305 0
307 0
315 0.004853
317 0
1228 0
324 0
326 0
328 0
915 0.005637
916 0
917 0
918 0
919 0
920 0
922 0
924 0
927 0
928 0
929 0
931 0
932 0
934 0
937 0.01227
938 0
942 0.005108
3 0
947 0
948 0
949 0.006462
950 0
952 0
953 0
954 0
956 0.011139
958 0
959 0
960 0
962 0
965 0
966 0
967 0.006675
968 0
971 0
972 0
977 0
978 0.007567
979 0
980 0
981 0
7 0
983 0
985 0
986 0
987 0
988 0
989 0
991 0.011398
994 0.011077
998 0
1000 0
1002 0
1003 0
1004 0
1008 0
1009 0
1011 0.015114
1017 0.001093
1023 0
1025 0
1026 0
1030 0
1032 0
1033 0
1034 0
1035 0
1036 0.01471
1037 0
1042 0.006307
1043 0
1046 0.006083
1048 0
1051 0
1052 0
1053 0.00972
1056 0
1057 0
1060 0
1062 0
1063 0.009723
1068 0
1069 0
1070 0
1071 0
1074 0.006684
1077 0
1078 0
1079 0
1080 0.006912
39 0
1082 0
1083 0
1085 0
1086 0.002975
1090 0
1093 0
1094 0
1095 0.010505
1096 0
1098 0
1100 0
1101 0
1102 0
1103 0
1104 0
1106 0
1107 0
1109 0
1113 0.009582
1115 0
1118 0
1120 0
1121 0.001635
1123 0
1125 0.010605
1134 0.00699
1139 0.001376
49 0
52 0
1141 0.011573
1142 0.001984
1146 0
1148 0.00969
1150 0
1154 0.007733
1157 0
1159 0
1160 0
1239 0.003409
1163 0
1164 0
1165 0
1168 0
1170 0
1171 0
1176 0
1187 0
73 0
84 0.011219
89 0
1189 0
1190 0.001098
1192 0
1195 0.008586
1197 0
99 0
1198 0
1205 0.005703
1206 0.010171
1207 0.001744
1209 0
1210 0.010848
1211 0
1212 0
1213 0.012328
1232 0
1223 0
131 0
160 0
164 0
167 0
176 0
186 0
194 0
198 0
199 0
209 0
221 0
250 0
260 0
267 0
279 0
285 0
293 0
296 0
297 0
329 0
331 0
332 0
334 0
339 0
343 0
345 0.006032
1224 0.006084
349 0
350 0
355 0.01542
356 0.005647
357 0.00889
358 0
359 0
360 0
367 0.010237
374 0
375 0.009177
377 0
382 0
385 0
388 0
389 0
390 0.006094
391 0.014765
394 0.009422
395 0
396 0
397 0
399 0.011313
400 0.002171
403 0
406 0
408 0
411 0
413 0
418 0
419 0.00942
422 0.002833
423 0
426 0
427 0.013776
428 0.00534
430 0.004436
432 0
433 0
434 0
435 0.012093
436 0
438 0.015268
443 0
444 0.016571
446 0
448 0
451 0
452 0
453 0.012125
456 0
458 0
459 0.009147
461 0.00992
464 0
466 0
469 0
471 0
480 0
483 0
485 0.006257
489 0
499 0
1218 0.006736
501 0
503 0
505 0
507 0
508 0
510 0
512 0
513 0
514 0
516 0
521 0.009812
524 0
530 0
533 0
537 0.007852
538 0.013529
540 0
543 0
544 0.008854
545 0.010281
548 0.014521
549 0.00689
550 0.011359
551 0.009464
554 0
555 0
556 0.007504
557 0
558 0
560 0
564 0
570 0
571 0
574 0
575 0
576 0
577 0.006785
1233 0
581 0
583 0
1230 0.008509
584 0
588 0.00406
590 0.009254
592 0
594 0
602 0
610 0.002796
611 0.013219
612 0
614 0.006168
616 0
621 0
629 0
632 0.006761
642 0
643 0
647 0.01318
649 0.008788
652 0
654 0
657 0
658 0.005105
660 0
662 0.009948
668 0.01244
674 0.020987
675 0
677 0
678 0
679 0
681 0
682 0
685 0
687 0.012984
688 0
690 0
695 0
700 0.0143
702 0.016465
703 0
706 0
707 0
708 0
710 0
712 0
714 0
715 0
716 0.011912
720 0
723 0
724 0
725 0.010442
727 0.003569
728 0.023701
729 0.004954
731 0
732 0
733 0.009726
742 0
744 0.002379
745 0
751 0.011573
752 0
753 0
754 0
755 0
756 0.009884
759 0.014256
761 0
765 0
769 0
770 0
771 0.002359
772 0.012301
774 0
775 0.014472
777 0
778 0
779 0.009077
783 0
786 0
787 0
788 0
789 0.012978
790 0.01061
791 0
793 0.00912
795 0
796 0
797 0
798 0.013549
800 0.009197
802 0
803 0.007324
807 0
808 0
811 0
813 0
814 0.001604
816 0
817 0
818 0
821 0
822 0.018863
825 0
827 0.007956
828 0.012919
829 0.001186
831 0.009659
841 0.010458
844 0.005146
849 0.001999
851 0.01289
852 0.007663
854 0.021457
885 0.010634
894 0
906 0
907 0.030922
909 0.008176
