108 0.444989
110 0.17157
1268 0.436726
1259 0.228326
1250 0.297889
112 0
113 0.323516
120 0.301025
1271 0.480065
122 0.211993
124 0.408199
1244 0
126 0.260485
127 0.25919
128 0.253926
1263 0.184093
132 0.398963
134 0.274618
140 0.222131
141 0
145 0.304254
147 0.390618
148 0.432131
149 0.346662
150 0.281363
151 0.162026
152 0.328859
154 0.379019
158 0
168 0.353135
169 0.171492
171 0.468589
1288 0
174 0
175 0.068481
177 0.582505
178 0.503223
1302 0.501505
179 0.361416
181 0.281582
182 0.370343
1265 0.495823
184 0.517322
185 0.028285
188 0.360551
189 0.557405
191 0.228367
192 0.295457
195 0.456805
197 0.194271
1282 0.300685
1292 0
204 0.268698
205 0.239142
212 0.277716
214 0.608568
215 0.282706
216 0.413264
217 0
223 0.386094
225 0.427539
227 0.419245
229 0.220986
234 0.506931
236 0.254604
237 0.130893
238 0.435498
239 0.096229
241 0.149883
242 0.109188
243 0.57501
245 0.196851
246 0
251 0.496484
252 0.4663
253 0.295467
262 0.159273
266 0.444611
271 0.131987
274 0.292922
275 0.211004
276 0.545673
280 0.415585
283 0.326162
284 0.035138
287 0.329806
289 0.390403
290 0
291 0.428368
1226 0.289754
295 0.499046
298 0.159224
299 0.464844
301 0.244003
302 0.429507
1227 0.351201
304 0.198461
305 0.099536
307 0.122184
315 0.319483
317 0.330584
1228 0.279127
324 0.419511
326 0.069499
328 0
915 0.328865
916 0.470698
917 0.393553
918 0.429742
919 0.511639
920 0.432733
922 0.157776
924 0.484368
927 0.646849
928 0.38258
929 0.350662
931 0.474273
932 0.48967
934 0.174504
937 0.650404
938 0.425964
942 0.376696
3 0.660165
947 0.547894
948 0.469493
949 0.13452
950 0
952 0.556735
953 0.281101
954 0.574572
956 0
958 0.494639
959 0.501987
960 0.124099
962 0
965 0.028337
966 0
967 0
968 0.172064
971 0.236363
972 0.302141
977 0.115214
978 0.349998
979 0.092059
980 0
981 0.433459
7 0.643194
983 0.557619
985 0.270034
986 0.424621
987 0.320597
988 0
989 0.423394
991 0.032374
994 0.231789
998 0.056725
1000 0.499536
1002 0.223763
1003 0.41814
1004 0.539492
1008 0.413023
1009 0.137551
1011 0.152339
1017 0.157745
1023 0.235028
1025 0.576353
1026 0.363475
1030 0.437933
1032 0.295671
1033 0.524886
1034 0.511036
1035 0.558858
1036 0.409195
1037 0.573822
1042 0.540741
1043 0.409343
1046 0
1048 0.446401
1051 0.613626
1052 0.4844
1053 0
1056 0.343793
1057 0.417262
1060 0.2913
1062 0
1063 0.371697
1068 0.222565
1069 0.566311
1070 0.539094
1071 0
1074 0.328153
1077 0.350076
1078 0
1079 0.209996
1080 0.148684
39 0.668536
1082 0.180049
1083 0.429708
1085 0.342961
1086 0.266808
1090 0.338899
1093 0.164746
1094 0.263533
1095 0.230112
1096 0.194136
1098 0
1100 0.357003
1101 0.16743
1102 0.40211
1103 0.39362
1104 0.456116
1106 0.486566
1107 0.201259
1109 0.185692
1113 0.072813
1115 0.267418
1118 0
1120 0.162405
1121 0.05876
1123 0.149361
1125 0.203403
1134 0
1139 0.236919
49 0.562873
52 0.547401
1141 0.284024
1142 0.430048
1146 0.285049
1148 0.422712
1150 0
1154 0.406339
1157 0.550812
1159 0.476905
1160 0.280794
1239 0.222009
1163 0.238862
1164 0.285967
1165 0.207129
1168 0.081608
1170 0.383639
1171 0.366018
1176 0.232198
1187 0.23346
73 0.751305
84 0.46213
89 0.594249
1189 0.486559
1190 0.431024
1192 0.45571
1195 0.452641
1197 0.451995
99 0.333112
1198 0.115971
1205 0.476902
1206 0.305308
1207 0
1209 0.462294
1210 0.20273
1211 0.384209
1212 0.177371
1213 0.27989
1232 0.341539
1223 0.520897
131 0.348506
160 0.607054
164 0.301678
167 0.588919
176 0.556148
186 0.068279
194 0.482875
198 0.285746
199 0.565548
209 0.385643
221 0.304104
250 0.098006
260 0.535015
267 0.522198
279 0.510732
285 0.390394
293 0.530528
296 0.477893
297 0.455914
329 0.379145
331 0
332 0.377186
334 0.542175
339 0
343 0.528677
345 0.32575
1224 0.577113
349 0.252027
350 0.275656
355 0.073053
356 0.324806
357 0.576619
358 0.513802
359 0.381221
360 0.333033
367 0
374 0.309573
375 0
377 0
382 0.544547
385 0.402921
388 0
389 0.482351
390 0.576237
391 0.451854
394 0
395 0
396 0.447936
397 0
399 0.639322
400 0
403 0.301192
406 0.667322
408 0
411 0.218075
413 0.471069
418 0.57997
419 0.564089
422 0.230748
423 0.545753
426 0.45262
427 0.398526
428 0.598439
430 0.102029
432 0.348233
433 0.585119
434 0.66009
435 0.534001
436 0.275664
438 0.394531
443 0.378235
444 0.178474
446 0.620489
448 0.256832
451 0.202678
452 0.515988
453 0.351937
456 0.329929
458 0.401935
459 0.377305
461 0.261483
464 0.291341
466 0.213087
469 0.473542
471 0.557714
480 0.294473
483 0.409533
485 0.088594
489 0.397157
499 0.554064
1218 0
501 0.432615
503 0.449099
505 0
507 0.129292
508 0.157963
510 0.276725
512 0.39229
513 0.114875
514 0.405186
516 0.378135
521 0.3446
524 0.029635
530 0
533 0
537 0
538 0.369178
540 0
543 0.423643
544 0.626202
545 0.52021
548 0.671678
549 0.284856
550 0.209121
551 0.075704
554 0.196776
555 0.473532
556 0.354502
557 0.606505
558 0
560 0.050577
564 0.649643
570 0.34018
571 0.525699
574 0.444031
575 0.30781
576 0.648888
577 0.243428
1233 0.379888
581 0.376107
583 0.524935
1230 0.340651
584 0.339671
588 0.120137
590 0.391568
592 0.047841
594 0.475142
602 0.372849
610 0.543407
611 0
612 0.425262
614 0.037819
616 0.114026
621 0.357435
629 0.578224
632 0.5002
642 0.453815
643 0.27775
647 0.266102
649 0.246322
652 0.426861
654 0.206138
657 0.398725
658 0
660 0.104189
662 0.031733
668 0.235142
674 0.238198
675 0.15452
677 0.34392
678 0.241706
679 0.156005
681 0.256217
682 0.061208
685 0.155373
687 0.312679
688 0.209204
690 0.360802
695 0.234209
700 0.428493
702 0.350465
703 0.301951
706 0.40452
707 0.334592
708 0.368931
710 0.656653
712 0.104938
714 0.325228
715 0.075654
716 0.478333
720 0.322249
723 0
724 0.485409
725 0.509323
727 0.275806
728 0
729 0.44119
731 0.238262
732 0.464908
733 0.205695
742 0.090091
744 0.480224
745 0.30366
751 0.320031
752 0.416818
753 0.341056
754 0.27276
755 0.307646
756 0
759 0.327956
761 0.20983
765 0.299875
769 0.159841
770 0.125115
771 0.070809
772 0.038734
774 0.152569
775 0.170333
777 0.422605
778 0.293021
779 0.095285
783 0.57007
786 0.439789
787 0.282366
788 0.344266
789 0.424336
790 0.100631
791 0.421127
793 0.366417
795 0.144975
796 0.259554
797 0.176204
798 0.498601
800 0.137083
802 0.123426
803 0.328253
807 0.039777
808 0.405444
811 0.333274
813 0.328355
814 0.162347
816 0.369213
817 0.122246
818 0
821 0.446114
822 0.507431
825 0.422822
827 0.299535
828 0.323121
829 0.31555
831 0.495313
841 0.612451
844 0.416099
849 0.373848
851 0.420067
852 0.157069
854 0.415821
885 0.401834
894 0.460577
906 0.368567
907 0.278396
909 0.264378
