108 1
110 0
1268 0
1259 0
1250 0
112 0
113 0
120 0
1271 0
122 0
124 0
1244 0
126 1
127 0
128 0
1263 0
132 0
134 0.26848
140 0
141 0
145 0.408395
147 0
148 0
149 0
150 0.250457
151 0
152 1
154 1
158 0
168 0
169 0
171 0
1288 0
174 0
175 0
177 0
178 0
1302 0
179 1
181 1
182 0
1265 0
184 1
185 0
188 0
189 0
191 0.40361
192 0
195 0.571081
197 0
1282 0.107865
1292 0
204 1
205 0
212 0.173272
214 0
215 0
216 1
217 0
223 0.075901
225 0.357701
227 0
229 0
234 0.425803
236 1
237 0
238 0.400968
239 0
241 1
242 0
243 0
245 0
246 0
251 0.42627
252 0
253 0
262 0
266 0.351374
271 1
274 0
275 0
276 0.558945
280 0
283 0
284 0
287 0
289 0
290 0
291 0.305529
1226 0.296491
295 0
298 0
299 0
301 0
302 0.451112
1227 0
304 0
305 0
307 0
315 0
317 0.467116
1228 0.248936
324 0
326 0
328 0
915 0
916 0
917 0
918 0
919 0
920 1
922 0
924 0.514486
927 0
928 0.629706
929 1
931 0
932 1
934 0.666314
937 1
938 1
942 0.181689
3 1
947 0.048064
948 0
949 0
950 0
952 0
953 1
954 0
956 0
958 0
959 0
960 0.308516
962 0
965 0
966 0
967 0
968 0
971 0
972 0
977 0
978 0
979 0
980 0
981 0
7 1
983 0
985 0
986 0.056579
987 0
988 0
989 0
991 0
994 0.240474
998 0
1000 1
1002 0
1003 0.762921
1004 0
1008 1
1009 0
1011 0
1017 1
1023 0
1025 0
1026 1
1030 1
1032 1
1033 0
1034 0
1035 0
1036 0.513562
1037 0.835395
1042 0.868346
1043 0
1046 0
1048 0
1051 1
1052 1
1053 0
1056 0
1057 0.765925
1060 0
1062 0
1063 0
1068 0
1069 0
1070 0
1071 0
1074 0
1077 0
1078 0
1079 0
1080 1
39 1
1082 0
1083 0.149576
1085 0
1086 0
1090 0
1093 0
1094 0
1095 0
1096 0
1098 0.455406
1100 0
1101 0
1102 0
1103 0
1104 0
1106 0.242132
1107 0
1109 0
1113 0
1115 0
1118 0
1120 0
1121 0
1123 0
1125 0
1134 0
1139 0
49 0
52 0
1141 1
1142 0
1146 0
1148 0
1150 0
1154 0
1157 0
1159 0
1160 0.362054
1239 1
1163 1
1164 1
1165 0
1168 0
1170 1
1171 1
1176 0
1187 1
73 0
84 0
89 0
1189 1
1190 1
1192 0
1195 0.504552
1197 0
99 0
1198 0
1205 0
1206 0
1207 0
1209 1
1210 0
1211 1
1212 0
1213 0
1232 0
1223 0
131 0
160 0
164 0
167 0
176 0
186 0
194 0
198 0
199 1
209 0
221 0
250 0
260 0
267 0
279 0
285 0
293 0
296 0
297 0
329 0
331 0
332 0
334 0
339 0
343 0
345 0.483434
1224 0
349 0
350 0
355 0
356 0
357 0
358 0
359 0
360 0
367 0
374 0
375 0
377 0
382 0
385 0
388 0
389 0
390 0
391 0.187117
394 0
395 0
396 0
397 1
399 0.308553
400 0
403 0
406 0
408 0
411 0
413 1
418 0
419 0
422 1
423 0
426 0
427 0
428 1
430 0
432 0
433 1
434 0
435 1
436 0
438 1
443 0
444 1
446 1
448 1
451 0
452 0
453 0
456 1
458 0
459 1
461 0
464 1
466 0
469 0
471 1
480 0
483 0
485 0
489 0
499 0
1218 0
501 0.466912
503 0
505 0
507 0
508 0
510 0
512 0
513 0
514 0
516 0
521 0
524 0
530 0
533 0
537 0
538 0
540 0
543 0
544 1
545 0
548 1
549 1
550 0
551 0
554 0
555 0
556 0
557 1
558 0
560 0
564 0
570 1
571 0
574 0
575 0
576 1
577 0
1233 0
581 0
583 0
1230 1
584 0
588 0
590 1
592 0
594 0
602 0
610 0
611 0
612 0
614 0
616 0
621 0
629 0
632 0
642 0
643 1
647 1
649 0
652 0
654 0
657 0
658 0
660 1
662 0
668 0
674 1
675 0
677 0
678 0
679 0
681 0
682 0
685 0
687 0
688 0
690 1
695 0
700 0
702 1
703 0
706 0
707 0
708 0
710 1
712 0
714 1
715 0.389857
716 1
720 1
723 0
724 0
725 1
727 1
728 0
729 0
731 0
732 0
733 1
742 0
744 0
745 0
751 1
752 0
753 0
754 0
755 1
756 0
759 0
761 0
765 0
769 1
770 0
771 0
772 0
774 0
775 0
777 0.220682
778 0
779 0
783 0
786 0.511754
787 0.526444
788 0.515662
789 0
790 0
791 0
793 0
795 0.212932
796 1
797 0
798 0
800 0
802 0
803 0
807 0
808 1
811 0
813 0
814 0.395116
816 0
817 0
818 0
821 0
822 0
825 0
827 0
828 0.364808
829 0
831 0
841 0
844 0
849 0
851 0.511509
852 0
854 0
885 1
894 0
906 0
907 0.281794
909 0
