108 0
110 0
1268 0
1259 0
1250 0
112 0
113 0
120 0
1271 0
122 0
124 0
1244 0
126 0
127 0
128 0
1263 0
132 0
134 0
140 0
141 0
145 0.008177
147 0
148 0
149 0
150 0.003498
151 0
152 0
154 0.006784
158 0
168 0
169 0
171 0.016976
1288 0
174 0
175 0
177 0.001868
178 0
1302 0
179 0
181 0
182 0.00039
1265 0
184 0
185 0
188 0
189 0.000666
191 0.003568
192 0
195 0
197 0
1282 0.000445
1292 0
204 0.005505
205 0.002748
212 0.000696
214 0.001172
215 0
216 0
217 0.000738
223 0.008274
225 0
227 0.002686
229 0.003138
234 0.000436
236 0.001045
237 0
238 0.00458
239 0
241 0.001339
242 0.000729
243 0.005875
245 0.004792
246 0.003094
251 0.00999
252 0.013865
253 0.001784
262 0.000311
266 0
271 0
274 0.003934
275 0.006808
276 0
280 0
283 0.000426
284 0.001146
287 0.006715
289 0.006542
290 0
291 0.006923
1226 0
295 0
298 0.002288
299 0.00271
301 0.005141
302 0.005358
1227 0
304 0.007054
305 0.00172
307 0.000448
315 0.009126
317 0.002651
1228 0
324 0.007681
326 0.001603
328 0
915 0.001952
916 0.001147
917 0.003328
918 0
919 0
920 0
922 0
924 0
927 0
928 0.004009
929 0
931 0.000765
932 0.000382
934 0
937 0
938 0.000521
942 0
3 0.022547
947 0.003621
948 0
949 0
950 0.001671
952 0
953 0
954 0
956 0
958 0.000602
959 0.000808
960 0.004162
962 0
965 0.004787
966 0
967 0
968 0.013067
971 0
972 0.000323
977 0
978 0.000695
979 0.002045
980 0
981 0.001919
7 0
983 0
985 0.00277
986 0
987 0
988 0
989 0.000938
991 0
994 0
998 0
1000 0
1002 0.000965
1003 0.005943
1004 0.002264
1008 0
1009 0.005625
1011 0
1017 0.002208
1023 0.001091
1025 0
1026 0
1030 0.001575
1032 0
1033 0.000804
1034 0.011712
1035 0
1036 0
1037 0.009066
1042 0.002815
1043 0
1046 0
1048 0.002497
1051 0
1052 0
1053 0
1056 0
1057 0
1060 0
1062 0
1063 0
1068 0
1069 0.00069
1070 0.010767
1071 0
1074 0.012033
1077 0.002041
1078 0
1079 0
1080 0.005737
39 0.000302
1082 0
1083 0
1085 0.000242
1086 0
1090 0
1093 0.002984
1094 0
1095 0.001035
1096 0
1098 0.00215
1100 0.000296
1101 0
1102 0.004764
1103 0
1104 0
1106 0.001503
1107 0.013672
1109 0
1113 0
1115 0.007245
1118 0.00213
1120 0.009249
1121 0
1123 0
1125 0
1134 0.003694
1139 0
49 0.001244
52 0.001118
1141 0.000615
1142 0.004161
1146 0
1148 0
1150 0
1154 0
1157 0
1159 0.002616
1160 0.00866
1239 0
1163 0
1164 0.00044
1165 0.001254
1168 0
1170 0.00331
1171 0
1176 0.0029
1187 0.005575
73 0
84 0
89 0.009858
1189 0.003553
1190 0
1192 0.000761
1195 0.005268
1197 0
99 0.001233
1198 0.002114
1205 0
1206 8e-04
1207 0
1209 0.008647
1210 0
1211 0
1212 0
1213 0
1232 3e-04
1223 0.000363
131 0
160 0.000929
164 0.005899
167 0
176 0.000395
186 0
194 0
198 0.000419
199 0
209 0.000613
221 0.000497
250 0.002114
260 0.002484
267 0
279 0
285 0
293 0
296 0
297 0
329 0
331 0
332 0.008976
334 0
339 0.000909
343 0.008655
345 0.001611
1224 0
349 0
350 0
355 0
356 0
357 0.002183
358 0.001755
359 0
360 0
367 0
374 0.013365
375 0
377 0
382 0
385 0
388 0
389 0
390 0.00318
391 0.000281
394 0
395 0
396 0.010364
397 0
399 0
400 0
403 0
406 0
408 0
411 0
413 0.00049
418 0
419 0
422 0.000519
423 0.007466
426 0
427 0
428 0.00511
430 0
432 0
433 0.005142
434 0.007872
435 0
436 0
438 0
443 0.00579
444 0
446 0.00043
448 0.000552
451 0
452 0
453 0
456 0.002761
458 0.001163
459 0.00074
461 0
464 0.000403
466 0.004853
469 0
471 0.019391
480 0
483 0.005069
485 0
489 0
499 0.003725
1218 0
501 0
503 0.001216
505 0.004478
507 0.003426
508 0.007164
510 0.000379
512 0
513 0
514 0
516 0
521 0.010135
524 0.004225
530 0
533 0
537 0
538 0.000688
540 0.000973
543 0.000597
544 0
545 0
548 0
549 0
550 0
551 0
554 0.002518
555 0.01143
556 0
557 0
558 0.000905
560 0.002406
564 0.001634
570 0
571 0.004534
574 0.001411
575 0
576 0.001228
577 0
1233 0.002154
581 0.011172
583 0
1230 0
584 0.002441
588 0
590 0.004236
592 0
594 0
602 0
610 0
611 0
612 0
614 0
616 0
621 0
629 0
632 0
642 0.003904
643 0.009996
647 0
649 0
652 0
654 0.000918
657 0
658 0
660 0.012014
662 0.002557
668 0.002227
674 0
675 0
677 0
678 0.006203
679 0
681 0
682 0.000929
685 0.000966
687 0
688 0
690 0
695 0.003933
700 0.003024
702 0
703 0.005658
706 0.001146
707 0.000622
708 6e-04
710 0.007499
712 0.007048
714 0.000754
715 0.000764
716 0
720 0.024268
723 0
724 0
725 0.000323
727 0.004163
728 0
729 0
731 0
732 0
733 0
742 0.002434
744 0
745 0.001403
751 0.001572
752 0
753 0.002791
754 0.001157
755 0.004696
756 0
759 0
761 0
765 0.000634
769 0
770 0
771 0.000941
772 0
774 0
775 0
777 0
778 0
779 0
783 0.000267
786 0.002378
787 0
788 0
789 0
790 0
791 0.000411
793 0
795 0.002394
796 0.000775
797 0.00557
798 0
800 0.003331
802 0.002824
803 0.000536
807 0.000729
808 0.004946
811 0.006776
813 0
814 0.000804
816 0
817 0.002656
818 0.005355
821 0
822 0
825 0.005029
827 0
828 0.004227
829 0.000261
831 0.006527
841 0.00207
844 0
849 0
851 0
852 0
854 0.002298
885 0
894 0
906 0
907 0.001107
909 0
