108 0
110 0.002633
1268 0.000228
1259 0
1250 0.001098
112 0.000427
113 0.001533
120 0
1271 0.000236
122 0
124 0
1244 0.001176
126 0.000425
127 0.000217
128 0.000437
1263 0
132 0
134 0.00012
140 0.000301
141 0.000816
145 0
147 0
148 0
149 3e-04
150 0.001879
151 0
152 0
154 0
158 0.000671
168 0
169 0
171 0
1288 0.00083
174 0.000368
175 9.67e-05
177 0
178 0
1302 0
179 0.00096
181 0.001565
182 0.000183
1265 0.000265
184 0
185 0
188 0
189 0
191 0.005577
192 0.000943
195 0.000462
197 0.007429
1282 0
1292 0.000509
204 0.001284
205 0
212 0.002059
214 0
215 0.000252
216 0.000341
217 0.001633
223 0
225 0
227 0
229 0.000217
234 0
236 0
237 0.000406
238 0
239 0.001761
241 0
242 0
243 0
245 0
246 0.00048
251 0
252 0
253 0
262 0.000645
266 0
271 0.001912
274 0
275 0
276 0
280 0.001096
283 0
284 0.000207
287 0
289 0
290 0
291 0.000973
1226 0.000209
295 0
298 0.000104
299 0
301 0
302 6.62e-05
1227 0
304 0
305 0.001661
307 0.003778
315 0
317 0
1228 0
324 0
326 0
328 0.001775
915 0
916 0.000606
917 0
918 0
919 0
920 0.000547
922 0
924 0
927 0
928 0
929 0.000909
931 0
932 0
934 0.001463
937 0.001712
938 0.002458
942 0.000138
3 0
947 0
948 0
949 0
950 0
952 0
953 0
954 0
956 0
958 0
959 0
960 0.003609
962 0
965 0.001977
966 0
967 0.000828
968 0
971 0
972 0.001021
977 0.000187
978 0
979 0
980 0
981 0
7 0
983 0
985 0
986 0.000103
987 0.000765
988 4.93e-05
989 0
991 0.00213
994 0
998 0
1000 0.001659
1002 0.001005
1003 0
1004 0
1008 0.000373
1009 0
1011 0.000218
1017 0.001037
1023 0.001806
1025 0
1026 0
1030 0.000375
1032 2.96e-05
1033 0.000536
1034 0
1035 0
1036 0.00123
1037 0.006953
1042 0
1043 0
1046 0.000643
1048 0
1051 0
1052 0.000129
1053 0
1056 0.001613
1057 0
1060 0.006593
1062 0
1063 0.006386
1068 0
1069 0
1070 0
1071 0.000727
1074 0.000842
1077 0
1078 0.000861
1079 0.00065
1080 0.006955
39 0
1082 0
1083 0
1085 0
1086 0.000265
1090 0.000619
1093 0.001889
1094 0.000886
1095 0
1096 0.000408
1098 0
1100 0
1101 0
1102 0
1103 0.001237
1104 0
1106 0
1107 0.000167
1109 0.002267
1113 0
1115 0
1118 0.000614
1120 0
1121 0.000335
1123 0
1125 0.001931
1134 0.001943
1139 0
49 0.001562
52 0
1141 0.000677
1142 0.001895
1146 0
1148 0.000602
1150 0.001962
1154 0
1157 0
1159 0.00077
1160 0.00011
1239 0
1163 0.001161
1164 0.002761
1165 0.000249
1168 0.000938
1170 0
1171 2.48e-05
1176 0.001973
1187 0
73 0
84 0
89 0
1189 0
1190 0.001111
1192 0
1195 0
1197 0
99 0
1198 0
1205 0
1206 0.002569
1207 0.001947
1209 0
1210 0.002117
1211 0
1212 0
1213 0.000503
1232 0
1223 0
131 0.001061
160 0
164 0
167 0
176 0
186 0
194 0
198 0.000182
199 0.002534
209 0
221 0
250 0
260 0
267 0
279 0
285 0
293 0
296 0
297 0.000767
329 0.000445
331 0
332 0.001612
334 0.001282
339 0
343 0
345 0
1224 0
349 0
350 0
355 0.000709
356 0.00056
357 0.000399
358 0
359 0
360 0
367 0.002224
374 0
375 0.000916
377 0
382 0
385 0
388 0.001142
389 0
390 0.001122
391 0.002156
394 0.00261
395 0.002814
396 0
397 0
399 0
400 0
403 0
406 0
408 0.000729
411 0
413 0.000107
418 0
419 0.001721
422 0.001095
423 0
426 0
427 0.000852
428 0
430 0.001762
432 0
433 0
434 0
435 0.002217
436 0
438 0.000763
443 0
444 0.000637
446 0
448 0
451 0
452 6.17e-05
453 0.001431
456 0
458 0.001983
459 0.00425
461 0
464 0
466 0
469 0
471 0
480 0
483 0
485 0.000418
489 0
499 0
1218 0
501 0
503 0
505 0
507 0
508 0
510 0
512 0
513 0.000906
514 0
516 0
521 0.002227
524 0
530 6e-04
533 8.98e-05
537 0.003747
538 0
540 0.001253
543 0
544 0
545 0.000579
548 0.002069
549 0.001746
550 0
551 0.000315
554 0
555 0
556 0.000379
557 0.00023
558 0.001977
560 0.000833
564 0
570 0
571 0.000941
574 0
575 0
576 0
577 0.001485
1233 0.000648
581 0.000732
583 0
1230 0.000404
584 0.000858
588 0.001865
590 0.00028
592 0
594 0
602 0
610 0
611 0.000859
612 0.004662
614 0.001358
616 0
621 0
629 0.001588
632 0.000749
642 0.000988
643 0
647 0.001075
649 0.00101
652 0.003646
654 0
657 0
658 0.001647
660 0.000824
662 0.005375
668 0.005429
674 0.003254
675 0.000955
677 0.001052
678 0
679 0
681 0
682 0
685 0
687 0.002273
688 0.000282
690 0
695 0
700 0
702 0.000304
703 0
706 0
707 0.003015
708 0
710 0
712 0.003022
714 0
715 0.001247
716 0
720 0
723 0
724 0
725 0
727 0.003037
728 0.002364
729 0.000444
731 0.000384
732 0
733 0.001719
742 0.002976
744 0.000925
745 0
751 0.003649
752 0
753 0
754 0
755 0
756 0.000335
759 0.000607
761 0
765 0
769 0.002131
770 0.001319
771 0
772 0.001329
774 0
775 0.00049
777 0
778 0
779 0
783 0
786 0
787 0.000466
788 0
789 0
790 0
791 0.000177
793 0
795 0
796 0
797 0
798 0
800 0.001056
802 0
803 0
807 0
808 0
811 0.000797
813 0
814 0.002048
816 0
817 0
818 0.001908
821 0
822 0
825 0.000149
827 0.0022
828 0.002584
829 0.002244
831 0.002016
841 0
844 0.000981
849 0.001918
851 0.000627
852 0.001545
854 0.001384
885 0
894 0
906 0.000616
907 0
909 0
