108 0.260229
110 0.220619
1268 0.416939
1259 0.534139
1250 0.544863
112 0.383913
113 0.569576
120 0.435068
1271 0.348855
122 0.452418
124 0.42889
1244 0.352711
126 0.439502
127 0.398305
128 0.23631
1263 0.473787
132 0.41968
134 0.271294
140 0.342673
141 0.11522
145 0.256814
147 0.372415
148 0.160874
149 0.511894
150 0.226073
151 0.287178
152 0.230354
154 0.243717
158 0.288319
168 0.465146
169 0.281863
171 0.282539
1288 0.310266
174 0.512714
175 0.498757
177 0.170788
178 0.028623
1302 0.113547
179 0.503257
181 0.635328
182 0.566043
1265 0.301633
184 0.128208
185 0.193153
188 0.127766
189 0.313044
191 0.221305
192 0.197259
195 0.221597
197 0.249343
1282 0.218562
1292 0.324785
204 0.458951
205 0.332065
212 0.301137
214 0.327192
215 0.317948
216 0.329897
217 0.292918
223 0.198248
225 0.267038
227 0.207705
229 0.4708
234 0.382258
236 0.464921
237 0.679884
238 0.247117
239 0.493874
241 0.421109
242 0.256303
243 0.249942
245 0.165272
246 0.474715
251 0.058082
252 0
253 0.240327
262 0.251121
266 0.225793
271 0.28837
274 0.231997
275 0.140775
276 0.268399
280 0.308546
283 0.245669
284 0.186819
287 0.37215
289 0.206635
290 0.175287
291 0.214389
1226 0.219082
295 0.135896
298 0.372665
299 0.100794
301 0.236064
302 0.180969
1227 0.2272
304 0.29431
305 0.428744
307 0.454824
315 0.241783
317 0.234502
1228 0.160703
324 0.274842
326 0.18731
328 0.264771
915 0.164034
916 0.074256
917 0.168291
918 0.252325
919 0.074638
920 0.311491
922 0
924 0.142898
927 0.197243
928 0.170352
929 0.248582
931 0.161708
932 0.141968
934 0.295815
937 0.195966
938 0.249778
942 0.082476
3 0.079523
947 0.130744
948 0.117814
949 0.167925
950 0.142033
952 0.225562
953 0.373182
954 0.090284
956 0.140221
958 0.174165
959 0.21766
960 0.32257
962 0.220372
965 0.230564
966 0.267699
967 0.161554
968 0.163484
971 0.162374
972 0.338338
977 0.312705
978 0.575927
979 0.132585
980 0.07634
981 0.31572
7 0
983 0.35303
985 0.643567
986 0.14875
987 0.113399
988 0.269833
989 0.039546
991 0.382163
994 0.320275
998 0.466138
1000 0.565219
1002 0.383982
1003 0.094415
1004 0
1008 0.178288
1009 0.145581
1011 0.554289
1017 0.274088
1023 0.232315
1025 0.211106
1026 0.219867
1030 0.184033
1032 0.227215
1033 0.299303
1034 0.140736
1035 0.32071
1036 0.291754
1037 0.276796
1042 0.249617
1043 0.151393
1046 0.123243
1048 0.189181
1051 0.240255
1052 0.274564
1053 0.4902
1056 0.404542
1057 0.122395
1060 0.682858
1062 0.104565
1063 0.288052
1068 0.24498
1069 0.17021
1070 0.202288
1071 0.06107
1074 0.321606
1077 0.191565
1078 0.225191
1079 0.193563
1080 0.216647
39 0.160062
1082 0.14973
1083 0.052172
1085 0.102707
1086 0.215403
1090 0.250777
1093 0.349898
1094 0.269463
1095 0.28743
1096 0.201227
1098 0.234316
1100 0.247589
1101 0.270442
1102 0.085372
1103 0.324632
1104 0.149764
1106 0.238602
1107 0.116192
1109 0.170794
1113 0.307979
1115 0.197852
1118 0.128091
1120 0.077234
1121 0.091568
1123 0.147148
1125 0.462169
1134 0.25298
1139 0.200019
49 0.085699
52 0.208063
1141 0.586605
1142 0.37586
1146 0.146551
1148 0.392943
1150 0.402355
1154 0.469184
1157 0.202867
1159 0.527603
1160 0.243372
1239 0.406673
1163 0.465751
1164 0.460439
1165 0.329142
1168 0.324362
1170 0.304861
1171 0.247789
1176 0.786333
1187 0.163359
73 0.057319
84 0.151149
89 0.148661
1189 0.2097
1190 0.340305
1192 0.146723
1195 0.195552
1197 0.183474
99 0.081197
1198 0.593075
1205 0.27063
1206 0.430679
1207 0.104239
1209 0.220953
1210 0.340317
1211 0.113295
1212 0.173245
1213 0.415352
1232 0.132784
1223 0.127855
131 0.473208
160 0.091001
164 0
167 0.071535
176 0.094494
186 0.041071
194 0.226702
198 0.324449
199 0.378172
209 0.204292
221 0.058341
250 0.278805
260 0
267 0.267689
279 0.120638
285 0.194992
293 0.057954
296 0.253703
297 0.168149
329 0.235018
331 0.194456
332 0.266874
334 0.131983
339 0.280159
343 0.102984
345 0.291171
1224 0.199816
349 0.203521
350 0.175002
355 0.382586
356 0.356108
357 0.376779
358 0.331955
359 0.32679
360 0
367 0.536088
374 0.431673
375 0.473152
377 0.247426
382 0.189319
385 0.213013
388 0.619368
389 0.464912
390 0.514164
391 0.518345
394 0.439721
395 0.618416
396 0.4056
397 0.383685
399 0.143639
400 0.4657
403 0.272709
406 0.257505
408 0.527314
411 0.345419
413 0.163305
418 0.56445
419 0.497372
422 0.184239
423 0
426 0.206293
427 0.205788
428 0.282139
430 0.277385
432 0.235816
433 0.183083
434 0.147354
435 0.635468
436 0
438 0.333034
443 0.082696
444 0.268023
446 0.11641
448 0.108621
451 0.230721
452 0.170737
453 0.255909
456 0.095531
458 0.365149
459 0.564205
461 0.528331
464 0.235339
466 0.24239
469 0.141085
471 0.298856
480 0.195479
483 0.286608
485 0.296592
489 0.38894
499 0.525789
1218 0.339986
501 0.144946
503 0.199467
505 0.270497
507 0.156607
508 0.164058
510 0.108996
512 0.120306
513 0.23083
514 0.300347
516 0.227533
521 0.364513
524 0.152227
530 0.282031
533 0.233094
537 0.29516
538 0.221931
540 0.777534
543 0.236193
544 0.215788
545 0.362648
548 0.341561
549 0.497242
550 0.238269
551 0.246316
554 0.254117
555 0.178557
556 0.32235
557 0.262498
558 0.204719
560 0.413936
564 0.319245
570 0.161074
571 0.333014
574 0.266476
575 0.147163
576 0.152524
577 0.273596
1233 0.535424
581 0.291181
583 0.192206
1230 0.335776
584 0.592083
588 0.530821
590 0.366376
592 0.166779
594 0.211076
602 0.132314
610 0.374535
611 0.379338
612 0.302428
614 0.433533
616 0.286606
621 0.286353
629 0.316658
632 0.230706
642 0.25225
643 0.416157
647 0.351342
649 0.368585
652 0.348666
654 0.11762
657 0.161623
658 1
660 0.1629
662 0.261196
668 0.269892
674 0.342527
675 0.278057
677 0.370321
678 0.26289
679 0.292026
681 0.16609
682 0.292656
685 0
687 0.309239
688 0.183613
690 0.138725
695 0.209072
700 0.391319
702 0.291677
703 0.294025
706 0.527698
707 1
708 0.275912
710 0.388975
712 0.269942
714 0.267705
715 0.464913
716 0.365357
720 0.521977
723 0.335026
724 0.123666
725 0.285038
727 0.170849
728 0.23279
729 0.222837
731 0.186256
732 0.328373
733 0.25683
742 0.245897
744 0.252344
745 0.383185
751 0.298412
752 0.26904
753 0.158867
754 0.336955
755 0.28557
756 0.328064
759 0.355206
761 0.223646
765 0.354027
769 0.441902
770 0.375171
771 0.220775
772 0.261386
774 0.319139
775 0.332843
777 0.303473
778 0.179879
779 0.456994
783 0.199749
786 0.223281
787 0.343195
788 0.167236
789 0.269648
790 0.461219
791 0.23108
793 0.250751
795 0.253902
796 0.20121
797 0.269588
798 0.301489
800 0.528154
802 0.193391
803 0.222685
807 0.295461
808 0.339734
811 0.23238
813 0.54139
814 0.427952
816 0.299194
817 0.312325
818 0.32817
821 0.307184
822 0.131065
825 0.175679
827 0.218156
828 0.253105
829 0.595596
831 0.17793
841 0.129956
844 0.437204
849 0.275287
851 0.284087
852 0.387867
854 0.20364
885 0.321675
894 0.295746
906 0.379478
907 0.191833
909 0.308624
