108 1
110 0.994891
1268 0.997391
1259 0.997541
1250 1
112 0.991889
113 0.995885
120 0.993982
1271 0.997065
122 1
124 1
1244 0.987125
126 1
127 1
128 1
1263 1
132 1
134 0.993841
140 0.993338
141 1
145 1
147 1
148 0
149 1
150 0.991834
151 1
152 1
154 1
158 0.998154
168 1
169 1
171 1
1288 1
174 0.993513
175 0.993442
177 1
178 1
1302 1
179 1
181 0.998685
182 1
1265 1
184 1
185 0.995324
188 1
189 1
191 0.997785
192 1
195 0.993861
197 0
1282 1
1292 0.990475
204 1
205 1
212 0.994336
214 1
215 1
216 0.993422
217 1
223 0.997496
225 1
227 1
229 1
234 1
236 1
237 0.995253
238 1
239 1
241 0
242 1
243 1
245 0
246 1
251 1
252 1
253 1
262 0.995342
266 1
271 1
274 0.996727
275 1
276 0.992135
280 0.994344
283 1
284 1
287 1
289 1
290 0.994173
291 1
1226 0.993672
295 1
298 1
299 1
301 1
302 1
1227 1
304 1
305 1
307 1
315 0.995147
317 1
1228 1
324 1
326 1
328 1
915 0.994363
916 1
917 1
918 1
919 1
920 1
922 1
924 1
927 1
928 1
929 1
931 1
932 1
934 1
937 0.98773
938 1
942 0.994892
3 1
947 1
948 1
949 0.993538
950 1
952 1
953 1
954 1
956 0.988861
958 1
959 0
960 1
962 1
965 1
966 1
967 0.993325
968 1
971 1
972 1
977 1
978 0.992433
979 1
980 0
981 1
7 1
983 1
985 1
986 1
987 1
988 1
989 1
991 0.988602
994 0.988923
998 1
1000 1
1002 1
1003 1
1004 1
1008 1
1009 1
1011 0.984886
1017 0.998907
1023 1
1025 1
1026 1
1030 1
1032 1
1033 1
1034 1
1035 0
1036 0.98529
1037 1
1042 0.993693
1043 1
1046 0.993917
1048 1
1051 0
1052 1
1053 0.99028
1056 1
1057 1
1060 1
1062 1
1063 0.990277
1068 1
1069 1
1070 1
1071 1
1074 0.993316
1077 1
1078 1
1079 1
1080 0.993088
39 1
1082 0
1083 1
1085 1
1086 0.997025
1090 1
1093 1
1094 1
1095 0.989495
1096 1
1098 1
1100 1
1101 1
1102 1
1103 1
1104 1
1106 1
1107 1
1109 1
1113 0.990418
1115 1
1118 1
1120 1
1121 0.998365
1123 1
1125 0.989395
1134 0.99301
1139 0.998624
49 1
52 1
1141 0.988427
1142 0.998016
1146 1
1148 0.99031
1150 1
1154 0.992267
1157 1
1159 1
1160 1
1239 0.996591
1163 1
1164 1
1165 1
1168 1
1170 1
1171 1
1176 1
1187 1
73 0
84 0.988781
89 1
1189 1
1190 0.998902
1192 1
1195 0.991414
1197 1
99 0
1198 1
1205 0.994297
1206 0.989829
1207 0.998256
1209 1
1210 0.989152
1211 1
1212 1
1213 0.987672
1232 1
1223 1
131 1
160 1
164 1
167 1
176 1
186 1
194 1
198 1
199 1
209 1
221 1
250 1
260 1
267 1
279 1
285 1
293 1
296 1
297 1
329 1
331 1
332 1
334 1
339 1
343 1
345 0.993968
1224 0.993916
349 1
350 1
355 0.98458
356 0.994353
357 0.99111
358 0
359 1
360 0
367 0.989763
374 1
375 0.990823
377 1
382 1
385 1
388 1
389 1
390 0.993906
391 0.985235
394 0.990578
395 1
396 1
397 1
399 0.988687
400 0.997829
403 1
406 1
408 0
411 1
413 1
418 1
419 0.99058
422 0.997167
423 0
426 1
427 0.986224
428 0.99466
430 0.995564
432 1
433 1
434 1
435 0.987907
436 1
438 0.984732
443 1
444 0.983429
446 1
448 1
451 1
452 1
453 0.987875
456 1
458 1
459 0.990853
461 0.99008
464 1
466 1
469 1
471 1
480 1
483 1
485 0.993743
489 1
499 1
1218 0.993264
501 1
503 1
505 1
507 1
508 1
510 1
512 1
513 1
514 1
516 1
521 0.990188
524 0
530 1
533 1
537 0.992148
538 0.986471
540 1
543 1
544 0.991146
545 0.989719
548 0.985479
549 0.99311
550 0.988641
551 0.990536
554 1
555 1
556 0.992496
557 1
558 1
560 1
564 1
570 1
571 1
574 1
575 1
576 1
577 0.993215
1233 1
581 1
583 1
1230 0.991491
584 1
588 0.99594
590 0.990746
592 1
594 1
602 1
610 0.997204
611 0.986781
612 1
614 0.993832
616 1
621 1
629 1
632 0.993239
642 1
643 1
647 0.98682
649 0.991212
652 1
654 1
657 1
658 0.994895
660 1
662 0.990052
668 0.98756
674 0.979013
675 1
677 1
678 1
679 1
681 1
682 1
685 0
687 0.987016
688 1
690 1
695 1
700 0.9857
702 0.983535
703 0
706 1
707 1
708 1
710 1
712 1
714 1
715 1
716 0.988088
720 1
723 1
724 1
725 0.989558
727 0.996431
728 0.976299
729 0.995046
731 1
732 1
733 0.990274
742 1
744 0.997621
745 1
751 0.988427
752 1
753 1
754 1
755 1
756 0.990116
759 0.985744
761 1
765 1
769 1
770 1
771 0.997641
772 0.987699
774 1
775 0.985528
777 1
778 1
779 0.990923
783 1
786 1
787 1
788 1
789 0.987022
790 0.98939
791 1
793 0.99088
795 1
796 1
797 1
798 0.986451
800 0.990803
802 1
803 0.992676
807 1
808 1
811 1
813 1
814 0.998396
816 1
817 1
818 1
821 1
822 0.981137
825 1
827 0.992044
828 0.987081
829 0.998814
831 0.990341
841 0.989542
844 0.994854
849 0.998001
851 0.98711
852 0.992337
854 0.978543
885 0.989366
894 1
906 1
907 0.969078
909 0.991824
