108 0
110 0.059095
1268 0.079203
1259 0.132578
1250 0
112 0.17638
113 0
120 0
1271 0.070675
122 0.138725
124 0.068997
1244 0.097184
126 0.07518
127 0
128 0
1263 0.102604
132 0.077661
134 0.117385
140 0
141 0.068703
145 0
147 0
148 0
149 0.145858
150 0.061725
151 0
152 0
154 0
158 0.06523
168 0
169 0
171 0
1288 0.166186
174 0.131902
175 0
177 0
178 0
1302 0.095976
179 0
181 0
182 0
1265 0
184 0
185 0
188 0
189 0
191 0.053569
192 0
195 0
197 0
1282 0
1292 0
204 0
205 0
212 0.11831
214 0
215 0
216 0
217 0.144544
223 0.036141
225 0
227 0
229 0
234 0
236 0
237 0
238 0.170526
239 0.11301
241 0
242 0
243 0
245 0
246 0.243569
251 0
252 0.637349
253 0
262 0.059212
266 0
271 0
274 0.138862
275 0
276 0
280 0.061384
283 0.075471
284 0
287 0
289 0.053263
290 0.07196
291 0.051286
1226 0.042426
295 0
298 0
299 0.245
301 0.335032
302 0
1227 0
304 0.121612
305 0.097855
307 0.259703
315 0.081822
317 0
1228 0
324 0
326 0
328 0.108971
915 0
916 0
917 0.107948
918 0.168875
919 0.202541
920 0
922 0
924 0
927 0.17416
928 0
929 0.023423
931 0
932 0
934 0.063232
937 0.117489
938 0
942 0.078291
3 0.195492
947 0
948 0
949 0.058202
950 0.079705
952 0
953 0.127049
954 0.105323
956 0.323843
958 0
959 0.160981
960 0
962 0
965 0
966 0.054587
967 0.133341
968 0.095379
971 0
972 0
977 0.075636
978 0.130115
979 0
980 0.124091
981 0
7 0.234148
983 0.10693
985 0
986 0.170514
987 0.114764
988 0
989 0.221176
991 0
994 0
998 0
1000 0.077948
1002 0.192433
1003 0
1004 0
1008 0
1009 0.182825
1011 0.143367
1017 0
1023 0
1025 0
1026 0.075421
1030 0
1032 0
1033 0.044343
1034 0.084948
1035 0.140136
1036 0
1037 0.091238
1042 0
1043 0
1046 0
1048 0
1051 0.075875
1052 0.059575
1053 0.05123
1056 0.050888
1057 0
1060 0.176229
1062 0
1063 0.044634
1068 0
1069 0
1070 0
1071 0.051861
1074 0
1077 0.054314
1078 0
1079 0
1080 0.01988
39 0
1082 0.05491
1083 0.20437
1085 0
1086 0.066173
1090 0.063438
1093 0.094415
1094 0.037428
1095 0
1096 0
1098 0
1100 0
1101 0.231501
1102 0.107952
1103 0.042576
1104 0.1697
1106 0
1107 0
1109 0
1113 0
1115 0.177802
1118 0
1120 0
1121 0.062296
1123 0
1125 0.106054
1134 0.03066
1139 0.107149
49 0.103386
52 0.180639
1141 0
1142 0.178571
1146 0
1148 0.057415
1150 0.149846
1154 0.16169
1157 0
1159 0.143382
1160 0
1239 0
1163 0
1164 0
1165 0
1168 0.118184
1170 0
1171 0
1176 0.213667
1187 0
73 0.158727
84 0.268712
89 0.136435
1189 0
1190 0
1192 0.158421
1195 0
1197 0
99 0.140131
1198 0.195944
1205 0
1206 0.117067
1207 0.050167
1209 0
1210 0.121835
1211 0
1212 0.056038
1213 0.072774
1232 0.252938
1223 0.355475
131 0.163079
160 0.339482
164 0.292665
167 0.267972
176 0.296437
186 0.321539
194 0
198 0.483521
199 0.240493
209 0
221 0.131821
250 0.282319
260 0.256318
267 0.19896
279 0.091615
285 0.268817
293 0.092857
296 0.237944
297 0.17249
329 0.182635
331 0.138636
332 0
334 0
339 0
343 0.091961
345 0
1224 0.086182
349 0.113881
350 0.224415
355 0
356 0.068747
357 0
358 0
359 0.132346
360 0.257777
367 0.022903
374 0
375 0
377 0.048199
382 0.161326
385 0.213911
388 0.07238
389 0
390 0.240046
391 0.164876
394 0
395 0.03665
396 0.070635
397 0.038479
399 0.122817
400 0.0899
403 0.233632
406 0.103304
408 0.121953
411 0
413 0
418 0.181834
419 0.067796
422 0
423 0.146054
426 0
427 0
428 0
430 0
432 0
433 0
434 0
435 0.037593
436 0
438 0.0583
443 0.186095
444 0
446 0
448 0.042912
451 0.096752
452 0
453 0.097919
456 0
458 0
459 0
461 0.134713
464 0.06942
466 0.159375
469 0
471 0
480 0
483 0
485 0.028877
489 0.102067
499 0
1218 0.088471
501 0
503 0
505 0
507 0.173888
508 0
510 0
512 0
513 0.026471
514 0.044706
516 0
521 0.089411
524 0
530 0
533 0.084357
537 0.044799
538 0.138067
540 0.222466
543 0.026626
544 0
545 0
548 0.122254
549 0
550 0
551 0.073381
554 0.168159
555 0
556 0.057052
557 0
558 0.081643
560 0
564 0.167737
570 0
571 0
574 0
575 0
576 0
577 0.092407
1233 0.147295
581 0.049696
583 0
1230 0.079837
584 0.327521
588 0
590 0
592 0
594 0
602 0
610 0.126186
611 0.051251
612 0
614 0.115538
616 0
621 0
629 0.082196
632 0.083812
642 0
643 0
647 0
649 0
652 0
654 0.119452
657 0
658 0
660 0
662 0.033923
668 0
674 0
675 0
677 0.063191
678 0.110994
679 0.048871
681 0
682 0
685 0.221625
687 0.11535
688 0
690 0
695 0
700 0.083639
702 0.054791
703 0
706 0
707 0
708 0
710 0
712 0.130776
714 0
715 0
716 0.069875
720 0.08054
723 0
724 0.07052
725 0.080405
727 0.128712
728 0.177142
729 0
731 0
732 0.135829
733 0
742 0.079931
744 0
745 0
751 0.029774
752 0.123209
753 0
754 0.055477
755 0.039704
756 0.053388
759 0
761 0.056752
765 0
769 0
770 0
771 0
772 0
774 0
775 0.052713
777 0
778 0
779 0
783 0.057766
786 0
787 0
788 0.023207
789 0.216548
790 0.123504
791 0
793 0
795 0
796 0
797 0
798 0.130629
800 0
802 0
803 0
807 0
808 0
811 0.040673
813 0
814 0
816 0.199634
817 0.107004
818 0.110781
821 0
822 0.08713
825 0
827 0.106037
828 0
829 0.151463
831 0.119556
841 0.154512
844 0.1175
849 0.103647
851 0.072092
852 0.208999
854 0
885 0
894 0.362991
906 0.187278
907 0.048741
909 0.274328
