108 0.048875
110 0
1268 0
1259 0
1250 0
112 0
113 0
120 0
1271 0
122 0
124 0
1244 0
126 0
127 0
128 0
1263 0.032727
132 0
134 0
140 0
141 0
145 0
147 0
148 0
149 0
150 0.112409
151 0
152 0
154 0
158 0
168 0
169 0
171 0
1288 0
174 0.186858
175 0
177 0.463581
178 0
1302 0
179 0
181 0
182 0.664822
1265 0
184 0
185 0
188 0
189 0
191 0
192 0
195 1
197 0
1282 0.048289
1292 0
204 0.041364
205 0
212 0.039395
214 0
215 0
216 0
217 0
223 0
225 0
227 0
229 0.422574
234 0
236 0
237 0
238 0
239 0
241 0
242 0
243 0
245 0.022325
246 0
251 0
252 0
253 0
262 0.223476
266 0
271 0
274 0.011832
275 0
276 0.044957
280 0
283 0.123848
284 0
287 0.054675
289 0
290 0
291 0
1226 0.028589
295 0
298 0
299 0
301 0.219821
302 0
1227 0
304 0.098536
305 0
307 0.084707
315 0.172773
317 0.041874
1228 0.159215
324 0
326 0.264172
328 0
915 0.375959
916 0
917 0.599055
918 0
919 0
920 0
922 0
924 0.470244
927 1
928 0.924198
929 0
931 0.481559
932 1
934 0
937 0
938 0
942 0.083049
3 1
947 0
948 0.031745
949 0.313406
950 0
952 0
953 0.378847
954 0.100995
956 0.225426
958 0
959 0.444842
960 0
962 0
965 0
966 0.285598
967 0.47679
968 0.090371
971 0
972 0.208476
977 0
978 0
979 0.164907
980 0
981 0
7 0
983 0.386591
985 0
986 0.02858
987 0
988 0
989 0.441365
991 0
994 0
998 0.025841
1000 0
1002 0
1003 0.908706
1004 0
1008 0.582608
1009 0
1011 0.12598
1017 0
1023 0.43866
1025 0
1026 0.631907
1030 0.637916
1032 0
1033 0.407079
1034 0
1035 0.2737
1036 0.334419
1037 0
1042 0.033398
1043 0
1046 0
1048 0
1051 0.732433
1052 0.128304
1053 0
1056 0
1057 0
1060 0.262558
1062 0
1063 0
1068 0
1069 0
1070 0
1071 0.132066
1074 0.137155
1077 0
1078 0.011494
1079 0
1080 0
39 0
1082 0
1083 0.67881
1085 0.11051
1086 0.629688
1090 0.120761
1093 0
1094 0
1095 0
1096 0.060665
1098 0
1100 0.046551
1101 0.489822
1102 0
1103 0.729729
1104 0
1106 0
1107 0.58476
1109 0
1113 0
1115 0.554286
1118 0
1120 0
1121 0.509919
1123 0.145422
1125 0
1134 0
1139 0
49 0.583645
52 0
1141 0
1142 1
1146 0.056322
1148 0
1150 0.35078
1154 0
1157 0
1159 0
1160 0.808799
1239 0
1163 0.219577
1164 0
1165 1
1168 0.144288
1170 0
1171 0
1176 0
1187 0.101081
73 0.398346
84 0.598518
89 0.517671
1189 0
1190 0.036806
1192 0.266568
1195 0
1197 0
99 0.043073
1198 0.046686
1205 0.401044
1206 0.080791
1207 0
1209 0
1210 0.444506
1211 0
1212 0.086695
1213 0
1232 0
1223 0
131 0
160 1
164 1
167 0.732023
176 0
186 0.46422
194 0
198 0
199 0.229269
209 0
221 0.576459
250 0
260 0
267 0.240776
279 0
285 0.622472
293 0
296 1
297 0.415972
329 0
331 0
332 0.049473
334 0
339 0
343 0
345 0.312713
1224 0
349 0
350 0
355 0.05708
356 0
357 0
358 0.056672
359 0
360 0.135017
367 0
374 0
375 0
377 0
382 0
385 0.025311
388 0
389 0
390 0.027373
391 1
394 0
395 0
396 0
397 0
399 0
400 0
403 0.738592
406 0.163573
408 0
411 0
413 0.041302
418 0
419 0
422 0
423 0
426 0
427 0
428 0.709185
430 0
432 0
433 0
434 0
435 0
436 0.49331
438 0
443 0.657128
444 0
446 0.343133
448 0.618228
451 0.376497
452 0
453 0
456 0
458 0
459 0
461 0
464 0.246096
466 0
469 0
471 0
480 0
483 0
485 0
489 0.039383
499 0.26137
1218 0.166535
501 0
503 0
505 1
507 0
508 0
510 0
512 0.12346
513 0
514 0
516 0
521 0
524 0
530 0
533 0
537 0
538 0.396491
540 0
543 0
544 0
545 1
548 0
549 0.027393
550 0
551 0
554 0.267566
555 0.169444
556 0
557 0
558 0.526039
560 0
564 0
570 0.064501
571 0
574 0.510952
575 0
576 0.168824
577 0
1233 0
581 0
583 0
1230 0.10334
584 0
588 0
590 0
592 0.271575
594 0
602 0
610 0
611 0
612 0.017347
614 0.068509
616 0.032758
621 0
629 0
632 0.246315
642 0.187592
643 0.733785
647 0
649 0
652 0.19665
654 0.065321
657 0.49007
658 0
660 0
662 0.05484
668 0.221087
674 0
675 0.203649
677 0.447754
678 0
679 0
681 0
682 0
685 0
687 0.432627
688 0
690 0
695 0.043754
700 0.223422
702 0
703 0
706 1
707 0
708 0.160674
710 0
712 0
714 0
715 0
716 0.031885
720 0
723 0
724 0.080021
725 0
727 0
728 0.282261
729 0
731 0.712429
732 0.183477
733 0.057664
742 0.224712
744 0
745 0.073977
751 0
752 0.092607
753 0.332464
754 0.202534
755 1
756 0.464271
759 1
761 0.297619
765 0
769 0
770 0
771 0.07576
772 0.043821
774 0.102466
775 0.123302
777 0
778 0
779 0
783 0
786 0.049151
787 0
788 0
789 0.589161
790 0.113304
791 0
793 0
795 0.070302
796 0
797 0.202963
798 0.040497
800 0
802 0.110455
803 0.326569
807 0.025797
808 0
811 0.112171
813 0
814 0.131493
816 0
817 0
818 0
821 0.076162
822 0
825 0.107199
827 0.048026
828 0.248497
829 0
831 0.387474
841 0
844 0
849 0.147766
851 0
852 0.353812
854 0
885 0
894 0
906 0.308712
907 0.449749
909 0.013533
