108 0.025969
110 0.688845
1268 0.019617
1259 0.003296
1250 0.004194
112 0.019951
113 0.021482
120 0.05146
1271 0.012946
122 0.024653
124 0.008242
1244 0.002251
126 0
127 0
128 0.036215
1263 0.020928
132 0.00617
134 0.001593
140 0.009686
141 0.016243
145 0.792089
147 0.005217
148 0.018695
149 0.006363
150 0.639867
151 0.002032
152 0.011773
154 0.71542
158 0.03532
168 0.008604
169 0.006324
171 0.675461
1288 0.786198
174 0
175 0.00726
177 0.09245
178 0.16368
1302 0.44197
179 0.007418
181 0.002757
182 0.464423
1265 0.004778
184 0.026739
185 0.110425
188 0.026184
189 0.509044
191 0.171945
192 0.0041
195 0.005867
197 0.218297
1282 0.525329
1292 0.575395
204 0.461879
205 0.610996
212 0.554978
214 0.769607
215 0.194507
216 0.037816
217 0.270205
223 0.669529
225 0.723346
227 0.584245
229 0.46831
234 0.746244
236 0.606967
237 0.503738
238 0.732519
239 0.69577
241 0.415895
242 0.790449
243 0.749823
245 0.504798
246 0.631025
251 0.708351
252 0.621168
253 0.698812
262 0.657538
266 0.766239
271 0.49236
274 0.422819
275 0.601064
276 0.017055
280 0.366634
283 0.462037
284 0.193485
287 0.548146
289 0.617522
290 0.341935
291 0.439612
1226 0.392763
295 0.453409
298 0.227951
299 0.577903
301 0.396629
302 0.243359
1227 0.411932
304 0.618506
305 0.288456
307 0.623725
315 0.503876
317 0.619067
1228 0.104862
324 0.716388
326 0.689193
328 0.001838
915 0.648614
916 0.411295
917 0.836943
918 0.068136
919 0.008476
920 0.012898
922 0.106644
924 0.103283
927 0.12973
928 0.634602
929 0.035384
931 0.67093
932 0.58046
934 0.010017
937 0.534547
938 0.4903
942 0.033292
3 0.507501
947 0.794229
948 0.765791
949 0.158486
950 0.526233
952 0.769024
953 0.415006
954 0.717661
956 0.051694
958 0.656945
959 0.617641
960 0.662031
962 0.20187
965 0.364175
966 0.431082
967 0.019328
968 0.460937
971 0.014488
972 0.688285
977 0.099782
978 0.564199
979 0.696284
980 0.725634
981 0.685432
7 0.735492
983 0.340766
985 0.609401
986 0.579084
987 0.510624
988 0.528608
989 0.664276
991 0.263778
994 0.316895
998 0.002091
1000 0.286071
1002 0.678076
1003 0.65123
1004 0.484592
1008 0.615067
1009 0.526212
1011 0.003261
1017 0.426525
1023 0.655821
1025 0.060449
1026 0.81706
1030 0.74085
1032 0.809034
1033 0.680302
1034 0.637263
1035 0.251085
1036 0.012875
1037 0.67845
1042 0.630121
1043 0.75675
1046 0.008627
1048 0.695123
1051 0.649466
1052 0.329948
1053 0.010001
1056 0.026631
1057 0.019261
1060 0.010717
1062 0.539001
1063 0.492119
1068 0.163166
1069 0.654021
1070 0.643094
1071 0.099134
1074 0.684576
1077 0.692646
1078 0.089191
1079 0.112068
1080 0.564834
39 0.642478
1082 0.010883
1083 0.50422
1085 0.591439
1086 0.043577
1090 0.471354
1093 0.631483
1094 0.001918
1095 0.620335
1096 0.016276
1098 0.883042
1100 0.655606
1101 0.55333
1102 0.730534
1103 0.005867
1104 0.460665
1106 0.618564
1107 0.307614
1109 0.23814
1113 0.787398
1115 0.422963
1118 0.473601
1120 0.49674
1121 0.351391
1123 0.068112
1125 0.007437
1134 0.594472
1139 0.713859
49 0.58929
52 0.673083
1141 0.466181
1142 0.61983
1146 0.043057
1148 0.261606
1150 0.002822
1154 0.250008
1157 0.026739
1159 0.745098
1160 0.523544
1239 0.005819
1163 0.516588
1164 0.440067
1165 0.774972
1168 0.016687
1170 0.398298
1171 0.572323
1176 0.589482
1187 0.45899
73 0.104243
84 0.001269
89 0.530284
1189 0.324242
1190 0.004834
1192 0.746017
1195 0.60256
1197 0.055168
99 0.727321
1198 0.625806
1205 0.030989
1206 0.478536
1207 0.338395
1209 0.609141
1210 0.025411
1211 0.016997
1212 0.451302
1213 0.46312
1232 0.528215
1223 0.588851
131 0.174055
160 0.678198
164 0.662943
167 0.180216
176 0.675905
186 0.071624
194 0.016671
198 0.547196
199 0.714807
209 0.481557
221 0.434285
250 0.421796
260 0.459941
267 0.385119
279 0.148074
285 0.006889
293 0.70082
296 0.095116
297 0.062848
329 0.037702
331 0.085827
332 0.513905
334 0.610211
339 0.433072
343 0.523443
345 0.744285
1224 0
349 0.028273
350 0.002323
355 0.223247
356 0.029595
357 0.431467
358 0.521828
359 0.075378
360 0.071922
367 0.404826
374 0.746594
375 0.007692
377 0.217545
382 0.768539
385 0.029943
388 0.791585
389 0.557879
390 0.542136
391 0.64004
394 0.166882
395 0.354133
396 0.626229
397 0.228478
399 0.020468
400 0.018493
403 0.563192
406 0.687325
408 0.053577
411 0.067534
413 0.31909
418 0.288742
419 0.046619
422 0.270893
423 0.547153
426 0.148073
427 0.008472
428 0.711243
430 0.497923
432 0.234274
433 0.629689
434 0.28559
435 0.121395
436 0.660839
438 0.001341
443 0.612288
444 0.011053
446 0.510595
448 0.67936
451 0.165711
452 0.002836
453 0.034753
456 0.731473
458 0.512102
459 0.155845
461 0.661023
464 0.723322
466 0.65788
469 0.049404
471 0.580302
480 0.563255
483 0.704536
485 0.024516
489 0.958281
499 0.334897
1218 0.003804
501 0.329586
503 0.469258
505 0.620453
507 0.784444
508 0.514257
510 0.787544
512 0.41433
513 0.252961
514 0.855079
516 0.033015
521 0.519036
524 0.562568
530 0.257061
533 0.078222
537 0.439725
538 0.553576
540 0.685185
543 0.627035
544 0.686528
545 0.155549
548 0.001542
549 0.029734
550 0.681002
551 0.014846
554 0.579184
555 0.605868
556 0.127561
557 0.199812
558 0.454746
560 0.461819
564 0.644444
570 0.593857
571 0.62252
574 0.686595
575 0.001649
576 0.585312
577 0.50451
1233 0.672941
581 0.355575
583 0.047631
1230 0.12326
584 0.715472
588 0.349754
590 0.589668
592 0.065838
594 0.111449
602 0.079281
610 0.151678
611 0.001793
612 0.028704
614 0.153238
616 0.630926
621 0.010965
629 0.10009
632 0.145196
642 0.548756
643 0.697647
647 0.00341
649 0.564332
652 0.004213
654 0.751511
657 0.012938
658 0.31772
660 0.676272
662 0.478429
668 0.504152
674 0.688798
675 0.002947
677 0.241337
678 0.592771
679 0.457208
681 0.014118
682 0.246808
685 0.470116
687 0.13728
688 0.020393
690 0.693292
695 0.47399
700 0.544223
702 0.100578
703 0.586933
706 0.73003
707 0.384252
708 0.627034
710 0.435261
712 0.577083
714 0.604339
715 0.59654
716 0.035553
720 0.050202
723 0.046243
724 0.428445
725 0.639036
727 0.744802
728 0.704149
729 0.003573
731 0.564904
732 0.09071
733 0.688351
742 0.616335
744 0.06769
745 0.293673
751 0.478539
752 0.173361
753 0.323652
754 0.683482
755 0.289794
756 0.092621
759 0.011535
761 0.498623
765 0.579534
769 0.372403
770 0.472093
771 0.505412
772 0.003732
774 0.745109
775 0.305954
777 0.562618
778 0.250839
779 0.432809
783 0.584691
786 0.388058
787 0.680922
788 0.334988
789 0.856954
790 0.024543
791 0.611941
793 0.055273
795 0.497353
796 0.539681
797 0.648518
798 0.199323
800 0.533863
802 0.686915
803 0.604424
807 0.49522
808 0.577258
811 0.557214
813 0.303678
814 0.343129
816 0.70253
817 0.587818
818 0.686326
821 0.32692
822 0.015105
825 0.549658
827 0.050903
828 0.592688
829 0.04855
831 0.650845
841 0.611361
844 0.085215
849 0.625342
851 0.286687
852 0.002675
854 0.622441
885 0.564583
894 0.138569
906 0.233061
907 0.531896
909 0.630534
