108 0.005093
110 0.024545
1268 0
1259 0
1250 0.000333
112 0.011565
113 0.000908
120 0.005415
1271 0.005043
122 0
124 0
1244 0
126 0
127 0.029346
128 0
1263 0.009503
132 0
134 0.007474
140 0
141 0.036273
145 0
147 0.0029
148 0
149 0.003076
150 0.006409
151 0
152 0
154 0
158 0
168 0.002044
169 0
171 0
1288 0.011663
174 0
175 0
177 0.002549
178 0.028483
1302 0
179 0.013034
181 0
182 0.001801
1265 0.001071
184 0.008965
185 0.039733
188 0.016813
189 0
191 0.003676
192 0.000601
195 0
197 0
1282 0
1292 0
204 0.002817
205 0
212 0.010128
214 0
215 0
216 0
217 0.0011
223 0
225 0
227 0.001443
229 0
234 0.002318
236 0
237 0
238 0
239 0.001546
241 0
242 0
243 0
245 0
246 7.59e-05
251 0.002252
252 0
253 0.002603
262 0
266 0.00306
271 0.005486
274 0.003065
275 0
276 0
280 0.212068
283 0
284 0
287 0
289 0.000847
290 0.005661
291 0
1226 0.006167
295 0
298 0.001118
299 0
301 0
302 0.004454
1227 0.003062
304 0
305 0.000614
307 0.00085
315 0
317 0.002053
1228 0
324 0
326 0
328 0.001017
915 0
916 0
917 0
918 0
919 0
920 0.042501
922 0
924 0
927 0
928 0
929 0.017066
931 0
932 0
934 0
937 0.006795
938 0
942 0
3 0
947 0
948 0
949 0
950 0.002482
952 0
953 0
954 0
956 0
958 0
959 0
960 0.002833
962 0
965 0
966 0
967 0.022615
968 0
971 0
972 0
977 0
978 0.002122
979 0
980 0
981 0
7 0.000989
983 0
985 0
986 0
987 0
988 0.00071
989 0
991 0
994 0.044808
998 0
1000 0
1002 0.001048
1003 0
1004 0
1008 0
1009 0
1011 0
1017 0.012873
1023 0.005947
1025 0
1026 0
1030 0.005453
1032 0
1033 0
1034 0
1035 0
1036 0.002698
1037 0
1042 0.004015
1043 0.000257
1046 0.003426
1048 0
1051 0
1052 0
1053 0
1056 0
1057 0
1060 0
1062 0
1063 0
1068 0
1069 0
1070 0.008613
1071 0.005431
1074 0.000878
1077 0
1078 0.001899
1079 0.030031
1080 0.002569
39 0
1082 0.00826
1083 0
1085 0
1086 0
1090 0
1093 0.005406
1094 0
1095 0
1096 0
1098 0
1100 0
1101 0.015205
1102 3.67e-05
1103 0
1104 0
1106 0
1107 0
1109 0
1113 0
1115 0
1118 0.017001
1120 0
1121 0
1123 0
1125 0
1134 0
1139 0
49 0
52 0
1141 0
1142 0
1146 0
1148 0
1150 0
1154 0
1157 0
1159 0
1160 0
1239 0
1163 0
1164 0.002539
1165 0
1168 0.026071
1170 0.00212
1171 0
1176 0
1187 0
73 0
84 0.000746
89 0
1189 0.006134
1190 0
1192 0
1195 0.001203
1197 0.027435
99 0
1198 0
1205 0
1206 0.001934
1207 0
1209 0
1210 0.024229
1211 0
1212 0
1213 0.002479
1232 0.000745
1223 0.000715
131 0
160 0
164 0
167 0
176 0
186 0
194 0
198 0
199 0
209 0
221 0.003331
250 0
260 0
267 0
279 0
285 0
293 0
296 0
297 0
329 0
331 7.59e-05
332 0
334 0.003236
339 0.000172
343 0
345 0
1224 0
349 0.012973
350 0.015949
355 0
356 0.019246
357 0.002008
358 0
359 0
360 0
367 0.002292
374 0.000482
375 0
377 0
382 0
385 0
388 0.003735
389 0
390 0
391 0.002245
394 0.036061
395 0.001229
396 0
397 0
399 0
400 0.004135
403 0
406 0
408 0.013336
411 0.025051
413 0
418 0
419 0
422 0
423 0
426 0
427 0
428 0
430 0
432 0
433 0
434 0
435 0
436 0
438 0.000378
443 0
444 0.013128
446 0
448 0.002236
451 0
452 0
453 0
456 0
458 0.000206
459 0.000664
461 0.011626
464 0
466 0
469 0
471 0
480 0
483 0
485 0.02207
489 0
499 0
1218 0.008881
501 0
503 0
505 0.001345
507 0.001417
508 0
510 0
512 0
513 0.000318
514 0.001137
516 0
521 0.000571
524 0
530 0
533 0
537 0.005424
538 0
540 0.000166
543 0
544 0
545 0.01262
548 0
549 0
550 0
551 0.002263
554 0
555 0
556 0.00251
557 0
558 0.003685
560 0.000588
564 0.000899
570 0.001138
571 0
574 0
575 0.003124
576 0.000337
577 0.031389
1233 0.001583
581 0.000257
583 0
1230 0
584 0.000923
588 0.103988
590 0
592 0
594 0.033115
602 0
610 0
611 0
612 0
614 0
616 0
621 0
629 0
632 0
642 0
643 0
647 0.001459
649 0.006965
652 0
654 0
657 0
658 0.001154
660 0.001894
662 0.013493
668 0.002014
674 0
675 0.005762
677 0.024076
678 0
679 0
681 0
682 0.00034
685 0
687 0
688 0
690 0
695 0
700 0
702 0
703 0
706 0.000331
707 0.00032
708 0
710 0
712 0.001472
714 0
715 0.004237
716 0.014428
720 0
723 0
724 0
725 0.003628
727 0
728 0
729 0
731 0
732 0
733 0
742 0
744 0
745 0
751 0
752 0
753 0
754 0
755 0
756 0.019185
759 0.031622
761 0
765 0
769 0.001828
770 0
771 0.004288
772 0.008992
774 0.002295
775 0.016597
777 0.001489
778 0
779 0.002372
783 0
786 0
787 0
788 0
789 0
790 0
791 0
793 0.023784
795 0
796 0
797 0
798 0.122661
800 0.004953
802 0
803 0
807 0.00351
808 0
811 0
813 0
814 0
816 0.000569
817 0
818 0
821 0
822 0
825 0
827 5.63e-05
828 0.004439
829 0.000168
831 0.005312
841 0
844 0
849 0.001708
851 0
852 0.002409
854 0
885 0
894 0
906 0
907 0
909 0
