108 0
110 0.00957
1268 0
1259 0
1250 0
112 0
113 0.000383
120 0.002917
1271 0.000543
122 0.003617
124 0
1244 0
126 0
127 0
128 0
1263 0.000424
132 0.000446
134 0.006563
140 0.020932
141 0.026169
145 0.003482
147 0.001444
148 0.01633
149 0
150 0.003124
151 0
152 0.008263
154 0.01196
158 0.014954
168 0.000525
169 0.009111
171 0
1288 0
174 0
175 0.000766
177 0.005764
178 0.049736
1302 0
179 0.001071
181 0
182 0.003088
1265 0
184 0.013936
185 0
188 0.033145
189 0.009407
191 0.001338
192 0
195 0.003996
197 0
1282 0.001408
1292 0
204 0.009253
205 0.003881
212 0.017925
214 0.004651
215 6.79e-05
216 0.01326
217 0.000535
223 0.00378
225 0.004424
227 0.004555
229 0.008534
234 0.004671
236 0.010428
237 0.012996
238 0.002749
239 0.003214
241 0.00015
242 0.004586
243 0.005838
245 0.004445
246 0.002977
251 0.008989
252 0.002561
253 0.019776
262 0.003417
266 0.003197
271 0.00418
274 0.011882
275 0.010865
276 0.003636
280 0
283 0.002092
284 0.000339
287 0.012939
289 0.00253
290 0.002673
291 0.008031
1226 0.007005
295 0
298 0.000698
299 0.002471
301 0.0043
302 0.009126
1227 0.002238
304 0.002542
305 0.010972
307 0.023999
315 0.005156
317 0.001641
1228 0.018605
324 0.004108
326 0.003252
328 0.000167
915 0.009816
916 0.002504
917 0
918 0.003828
919 0
920 0.009648
922 0
924 0
927 0.015877
928 0.003279
929 0.007874
931 0.00399
932 0.004839
934 0.005766
937 0.029958
938 0.012333
942 0
3 0
947 0.000633
948 0.007751
949 0.015995
950 0.00314
952 0.00316
953 0
954 0.004256
956 0.017571
958 0.003082
959 0.001073
960 0.003395
962 0
965 0.001552
966 0.000846
967 0.006566
968 0.007182
971 0.022078
972 0.010808
977 0.006363
978 0.008948
979 0.001997
980 0.005412
981 0.000882
7 0.00572
983 0
985 0.00501
986 0.00067
987 0.000658
988 0.000461
989 0.001025
991 0.002129
994 0.034294
998 0.000448
1000 0
1002 0.000414
1003 0.002019
1004 0.00143
1008 0
1009 0.001785
1011 0.000653
1017 0.005486
1023 0.003005
1025 0.013729
1026 0
1030 0.006831
1032 0
1033 0.003487
1034 0.001837
1035 0
1036 0
1037 0.003773
1042 0.016121
1043 0.006052
1046 0.004881
1048 0.002161
1051 0
1052 0
1053 0.00065
1056 0
1057 0.006186
1060 0
1062 0.073416
1063 0
1068 0.173106
1069 0.002242
1070 0.002825
1071 0.010615
1074 0.019172
1077 0.006815
1078 0.00085
1079 0.075109
1080 0.007209
39 0.003496
1082 0.003522
1083 0
1085 0.006541
1086 0
1090 0
1093 0.000997
1094 0
1095 0.007001
1096 0.011214
1098 0.000795
1100 0.009758
1101 0
1102 0.001734
1103 0.006272
1104 0
1106 0.00093
1107 0.001136
1109 0.01192
1113 0
1115 0.003352
1118 0.001223
1120 0.003863
1121 0.020221
1123 0
1125 0.001748
1134 0.00131
1139 0
49 0.004707
52 0.003358
1141 0.002921
1142 0.002486
1146 0.005216
1148 0.018119
1150 0.000554
1154 0
1157 0.006847
1159 0.001486
1160 0.00589
1239 0.022067
1163 0
1164 0.003309
1165 0.001857
1168 0.005314
1170 0.001237
1171 0.010117
1176 0.000462
1187 0.032938
73 0
84 0
89 0
1189 0.001067
1190 0
1192 0.00216
1195 0.004823
1197 0
99 0
1198 0.001765
1205 0
1206 0.001025
1207 0.007134
1209 0.004989
1210 0.058297
1211 0.002042
1212 0
1213 0.001546
1232 0.001508
1223 0.000859
131 0.021523
160 0.010017
164 0.009416
167 0
176 0.004032
186 0
194 0.003503
198 0.006476
199 0.021505
209 0.001922
221 0.002889
250 0.002417
260 0.001098
267 0.002749
279 0
285 0
293 0
296 0
297 0.020355
329 0.029301
331 0.000136
332 0.00171
334 0.005507
339 0.000355
343 0.002114
345 0.001784
1224 0
349 0.008281
350 0.005867
355 0
356 0.025757
357 0.016572
358 0.001218
359 0.044479
360 0
367 0.000659
374 0.003541
375 0.006397
377 0
382 0
385 0.009644
388 0
389 0
390 0.001558
391 0.005373
394 0
395 0
396 0.002808
397 0.000833
399 0.029949
400 0.001737
403 0
406 0
408 0
411 0.010618
413 0.000336
418 0
419 0
422 0.005982
423 0
426 0
427 0.002482
428 0.002735
430 0.00099
432 0.071674
433 0.001121
434 0
435 0
436 0
438 0
443 0.000903
444 0.003625
446 0.004732
448 0.004022
451 0.062591
452 0.015277
453 0.01821
456 0.00512
458 0.003958
459 0.000338
461 0.000907
464 0.003747
466 0.005223
469 0.010332
471 0.015326
480 0.040292
483 0.002657
485 0.004272
489 0
499 0.001488
1218 0.001966
501 0.064501
503 0.0061
505 0.008655
507 0.003643
508 0.002716
510 0.004687
512 0
513 6.58e-05
514 0.00122
516 0.017476
521 0.007785
524 0.002601
530 0
533 0.009415
537 0.035726
538 0.010665
540 0.003195
543 0.005718
544 0.029726
545 0.00672
548 0
549 0.000494
550 0
551 0
554 0.001977
555 0.004552
556 0.002038
557 0
558 0.007499
560 0.002015
564 0.002664
570 0.001653
571 0.011228
574 0.018815
575 0.000626
576 0.004527
577 0
1233 0.002372
581 0.005833
583 0.002067
1230 0.099739
584 0.002516
588 0
590 0.002369
592 0.029616
594 0.009093
602 0.041949
610 0
611 0.003942
612 0.01497
614 0.030954
616 0
621 0.004914
629 0
632 0
642 0.002035
643 0.005372
647 0.001034
649 0.004383
652 0.003058
654 0.006779
657 0.011386
658 0.00041
660 0.003918
662 0.000849
668 0.004964
674 0
675 0.001524
677 0.016976
678 0.00824
679 0.002817
681 0.008422
682 0.000154
685 0
687 0
688 0
690 0.001454
695 0.001386
700 0.002922
702 0.003977
703 0.004439
706 0.001593
707 0.000358
708 0.001342
710 0.002916
712 0.004631
714 0.002342
715 0.005385
716 0.003822
720 0.002278
723 0
724 0
725 0.002646
727 0.004743
728 0
729 0
731 0
732 0.035279
733 0
742 0.002923
744 0.013841
745 0.000268
751 0.001309
752 0
753 0.005676
754 0.003479
755 0.000808
756 0
759 0.003814
761 0.008362
765 0.003055
769 0.004891
770 0
771 0.019838
772 0
774 0.004037
775 0.007306
777 0.008058
778 0
779 0.000296
783 0.011025
786 0.00623
787 0
788 0
789 0
790 0.012223
791 0.012308
793 0
795 0.000852
796 0.002333
797 0.002758
798 0.022646
800 0.016372
802 0.003925
803 0.019324
807 0.002999
808 0.001287
811 0.002359
813 0.008049
814 0.016576
816 0
817 0.005393
818 0.009231
821 0
822 0.015935
825 0
827 0
828 0.004431
829 0
831 0.007728
841 0.002969
844 0.002773
849 0.003002
851 0
852 0.000449
854 0.012453
885 0.023094
894 0
906 0.070352
907 0.00883
909 0.030807
