108 1
110 1
1268 1
1259 1
1250 1
112 1
113 1
120 1
1271 1
122 1
124 1
1244 1
126 1
127 1
128 1
1263 1
132 1
134 1
140 1
141 1
145 1
147 1
148 1
149 1
150 1
151 1
152 1
154 1
158 1
168 1
169 1
171 1
1288 1
174 1
175 1
177 1
178 1
1302 1
179 1
181 1
182 1
1265 1
184 1
185 1
188 1
189 1
191 1
192 1
195 1
197 1
1282 1
1292 1
204 1
205 1
212 1
214 1
215 1
216 1
217 1
223 1
225 1
227 1
229 1
234 1
236 1
237 0
238 1
239 0
241 1
242 1
243 1
245 1
246 1
251 1
252 1
253 1
262 1
266 1
271 1
274 1
275 1
276 0
280 1
283 1
284 1
287 0
289 1
290 1
291 1
1226 1
295 1
298 1
299 1
301 1
302 1
1227 1
304 1
305 0
307 0
315 1
317 0
1228 1
324 0
326 1
328 0
915 0
916 0
917 0
918 0
919 0
920 1
922 1
924 0
927 0
928 1
929 0
931 0
932 1
934 0
937 0
938 0
942 0
3 1
947 0
948 0
949 0
950 0
952 0
953 0
954 0
956 0
958 1
959 0
960 0
962 0
965 0
966 1
967 0
968 0
971 0
972 1
977 1
978 0
979 0
980 0
981 0
7 0
983 0
985 0
986 1
987 0
988 0
989 0
991 0
994 0
998 0
1000 0
1002 0
1003 0
1004 0
1008 0
1009 0
1011 0
1017 0
1023 0
1025 0
1026 0
1030 0
1032 0
1033 0
1034 0
1035 0
1036 0
1037 0
1042 0
1043 0
1046 0
1048 0
1051 0
1052 0
1053 0
1056 0
1057 0
1060 0
1062 0
1063 0
1068 0
1069 0
1070 0
1071 0
1074 0
1077 0
1078 0
1079 0
1080 0
39 0
1082 0
1083 0
1085 0
1086 1
1090 0
1093 0
1094 0
1095 0
1096 0
1098 0
1100 0
1101 0
1102 0
1103 0
1104 0
1106 0
1107 0
1109 0
1113 0
1115 0
1118 0
1120 0
1121 0
1123 0
1125 0
1134 0
1139 0
49 0
52 0
1141 0
1142 0
1146 0
1148 0
1150 0
1154 0
1157 0
1159 0
1160 0
1239 0
1163 0
1164 0
1165 0
1168 0
1170 0
1171 0
1176 0
1187 0
73 0
84 0
89 0
1189 0
1190 0
1192 0
1195 0
1197 0
99 0
1198 0
1205 0
1206 0
1207 0
1209 0
1210 0
1211 0
1212 0
1213 0
1232 0
1223 0
131 0
160 0
164 0
167 0
176 0
186 0
194 0
198 0
199 0
209 0
221 0
250 0
260 0
267 0
279 0
285 0
293 0
296 0
297 0
329 0
331 1
332 1
334 1
339 1
343 1
345 1
1224 0
349 1
350 1
355 1
356 1
357 0
358 1
359 1
360 0
367 1
374 1
375 0
377 1
382 0
385 0
388 0
389 0
390 0
391 0
394 0
395 1
396 1
397 0
399 0
400 0
403 0
406 0
408 1
411 1
413 0
418 0
419 1
422 1
423 0
426 1
427 1
428 1
430 1
432 1
433 1
434 1
435 0
436 0
438 1
443 0
444 1
446 1
448 0
451 1
452 1
453 0
456 0
458 1
459 1
461 1
464 0
466 1
469 1
471 1
480 0
483 1
485 0
489 0
499 0
1218 1
501 1
503 1
505 1
507 0
508 0
510 0
512 0
513 0
514 1
516 1
521 0
524 0
530 0
533 0
537 1
538 0
540 0
543 0
544 1
545 1
548 0
549 1
550 1
551 1
554 0
555 1
556 1
557 1
558 1
560 1
564 1
570 0
571 1
574 1
575 1
576 1
577 1
1233 1
581 0
583 1
1230 0
584 0
588 1
590 1
592 1
594 0
602 0
610 0
611 1
612 0
614 1
616 1
621 1
629 0
632 0
642 1
643 1
647 1
649 0
652 0
654 0
657 1
658 0
660 0
662 0
668 1
674 0
675 0
677 1
678 1
679 1
681 1
682 1
685 1
687 0
688 1
690 0
695 1
700 0
702 0
703 0
706 0
707 1
708 1
710 0
712 0
714 1
715 0
716 0
720 1
723 1
724 0
725 1
727 0
728 0
729 1
731 0
732 0
733 1
742 0
744 1
745 0
751 1
752 0
753 0
754 0
755 1
756 1
759 1
761 1
765 1
769 1
770 0
771 1
772 1
774 0
775 0
777 1
778 0
779 0
783 0
786 1
787 0
788 1
789 0
790 1
791 0
793 1
795 0
796 1
797 1
798 0
800 1
802 0
803 0
807 1
808 0
811 1
813 1
814 1
816 1
817 0
818 0
821 0
822 1
825 0
827 1
828 0
829 0
831 0
841 0
844 1
849 1
851 0
852 1
854 1
885 0
894 0
906 0
907 0
909 0
