108 0
110 0.009051
1268 0.062155
1259 0
1250 0
112 0
113 0.001219
120 0.057477
1271 0.025077
122 0.033246
124 0
1244 0
126 0
127 0.125934
128 0
1263 0.03647
132 0
134 0.08548
140 0.046367
141 0.161007
145 0.009832
147 0.023665
148 0
149 0
150 0.05176
151 0
152 0.076788
154 0.009983
158 0.180967
168 0.008215
169 0.271469
171 0
1288 0.017952
174 0.031255
175 0.018541
177 0.00582
178 0
1302 0
179 0
181 0
182 0.015554
1265 0.003848
184 0.244564
185 0
188 0.156358
189 0.011811
191 0.007988
192 0.000898
195 0.25109
197 0
1282 0.006226
1292 0
204 0.015286
205 0.001109
212 0.020951
214 0.001223
215 0
216 0.236229
217 0.001285
223 0.0102
225 0.007567
227 0.006992
229 0.009505
234 0.005289
236 0.025055
237 0
238 0.002284
239 0.013482
241 0.000791
242 0.005139
243 0.003681
245 0.006916
246 0.002721
251 0.00659
252 0.002132
253 0.02283
262 0
266 0.018239
271 0.02381
274 0.01678
275 0.034901
276 0.315212
280 0
283 0.00773
284 0.023425
287 0.019216
289 0.011411
290 0.026848
291 0.030167
1226 0.054059
295 0
298 0.004534
299 0.003588
301 0.007131
302 0.016704
1227 0.04035
304 0.0026
305 0.006724
307 0.01072
315 0.011442
317 0.002032
1228 0.099386
324 0.00576
326 0.011366
328 0.002422
915 0.016587
916 0.006039
917 0.002076
918 0.634987
919 0
920 0.147732
922 0
924 0
927 0.062208
928 0.005498
929 0.195667
931 0.004531
932 0.011116
934 0.116445
937 0.024114
938 0.012007
942 0.293608
3 0.000961
947 0
948 0.012318
949 0.309517
950 0.008589
952 0.002648
953 0
954 0.004187
956 0.205521
958 0.008155
959 0
960 0.010953
962 0.086467
965 0.011827
966 0.026774
967 0.273534
968 0.014138
971 0.120328
972 0.010714
977 0.080033
978 0.012182
979 0.004762
980 0.004515
981 0
7 0.008123
983 0
985 0.004801
986 0.008252
987 0.008724
988 0
989 0.000302
991 0.013391
994 0.268
998 0.008996
1000 0.021608
1002 0.005124
1003 0.00101
1004 0.006857
1008 0.078299
1009 0.004069
1011 0.009938
1017 0.028239
1023 0.035974
1025 0.242237
1026 0.053176
1030 0.035468
1032 0.020777
1033 0.009174
1034 0.004153
1035 0
1036 0.026503
1037 0.010048
1042 0.012808
1043 0.00301
1046 0.008076
1048 0.002871
1051 0
1052 0.056207
1053 0.03891
1056 0.118225
1057 0.212441
1060 0.003877
1062 0.131552
1063 0.006343
1068 0.090958
1069 0
1070 0.007658
1071 0.021203
1074 0.009927
1077 0.005976
1078 0.004922
1079 0.30002
1080 0.01448
39 0.009512
1082 0.081667
1083 0.195538
1085 0.002837
1086 0.043789
1090 0.121419
1093 0.028056
1094 0.003997
1095 0.017993
1096 0.196546
1098 0.003672
1100 0.01721
1101 0.028328
1102 0.002991
1103 0.086094
1104 0
1106 0
1107 0.002833
1109 0.014145
1113 0
1115 0.002946
1118 0.033835
1120 0.02172
1121 0.06903
1123 0.045415
1125 0.018743
1134 0.016597
1139 0.029755
49 0.007373
52 0.002105
1141 0.024916
1142 0.003922
1146 0.134674
1148 0.195016
1150 0.012759
1154 0
1157 0.149317
1159 0.009058
1160 0.016515
1239 0.141608
1163 0
1164 0.004386
1165 0
1168 0.041225
1170 0.004538
1171 0.045233
1176 0.009313
1187 0.020824
73 1
84 0.003895
89 0
1189 0.021193
1190 0
1192 0
1195 0.005921
1197 0.223205
99 0
1198 0
1205 0
1206 0.002986
1207 0.028005
1209 0.008818
1210 0.457225
1211 0.075065
1212 0.039974
1213 0.006204
1232 0.016924
1223 0.01504
131 0.089198
160 0.004026
164 0.004435
167 0
176 0.007952
186 0.680263
194 1
198 0.007878
199 0.035103
209 0.003493
221 0.013608
250 0.00423
260 0
267 0.003222
279 0
285 0.019287
293 0
296 0.186423
297 0.158356
329 0.225677
331 0
332 0.003764
334 0.009784
339 0.001904
343 0
345 0.00245
1224 0
349 0.071055
350 0.179165
355 0.147476
356 0.119309
357 0.006919
358 0.001894
359 0.100141
360 0
367 0.002405
374 0.002959
375 0.248305
377 0
382 0
385 0.08323
388 0.012859
389 0
390 0.000861
391 0.003794
394 0
395 0.001299
396 0.003596
397 0.111553
399 0.037175
400 0.071825
403 0
406 0
408 0.016794
411 0.282928
413 0.004472
418 0
419 0.089196
422 0.036057
423 0
426 0.082862
427 0.073865
428 0.003221
430 0.016127
432 0.261635
433 0.001071
434 0
435 0
436 0
438 0.000192
443 0.00079
444 0.245821
446 0.012462
448 0.005942
451 0.088072
452 0.139784
453 0.045474
456 0.003886
458 0.001648
459 0.000777
461 0.015074
464 0.004657
466 0.005072
469 0.110191
471 0.022511
480 0.024055
483 0.006615
485 0.256074
489 0.007937
499 0.004744
1218 0.064418
501 0.115913
503 0.009392
505 0.004788
507 0.014903
508 0
510 0.00513
512 0
513 0.002526
514 0.005276
516 0.135157
521 0.006297
524 0.01213
530 0.064164
533 0.207994
537 0.044159
538 0.015872
540 0.001093
543 0.005321
544 0.011211
545 0.18108
548 0
549 0
550 0.018656
551 0.106508
554 0.003665
555 0.005643
556 0.003108
557 0
558 0.004362
560 0.021222
564 0.011994
570 0.010417
571 0.008281
574 0.010884
575 0.047071
576 0.006757
577 0.121681
1233 0.007626
581 0.004481
583 0
1230 0.111217
584 0.003004
588 0
590 0.003673
592 0.161516
594 0.111725
602 0.08865
610 0.235919
611 0.122732
612 0.181274
614 0.085044
616 0.004448
621 0.106202
629 0.163394
632 0.200702
642 0.002974
643 0.005955
647 0.00227
649 0.056844
652 0.219266
654 0.003564
657 0.127519
658 0.019278
660 0.009
662 0.010621
668 0.027106
674 0
675 0.010531
677 0.214302
678 0.025823
679 0.024849
681 0.149002
682 0.005274
685 0
687 0.204559
688 0.218069
690 0.004465
695 0.012253
700 0.009707
702 0.13206
703 0.004958
706 0.006256
707 0.001951
708 0.004337
710 0.001951
712 0.004991
714 0.003578
715 0.027148
716 0.096009
720 0.003869
723 0.060599
724 0
725 0.012902
727 0.002182
728 0
729 0.004676
731 0
732 0.164151
733 0.041373
742 0.004341
744 0.139152
745 0.001313
751 0.003726
752 0.084869
753 0.023963
754 0.006245
755 0
756 0.02844
759 0.219547
761 0.011658
765 0.002036
769 0.009055
770 0
771 0.031062
772 0.017539
774 0.014216
775 0.026922
777 0.016269
778 0
779 0.010668
783 0.019893
786 0.016085
787 0
788 0
789 0.0061
790 0.161807
791 0.022097
793 0.424534
795 0.003682
796 0.022316
797 0.003541
798 0.116432
800 0.016248
802 0.004468
803 0.008356
807 0.010186
808 0.003111
811 0.019883
813 0.104947
814 0.009027
816 0.008143
817 0.005991
818 0.005765
821 0.079734
822 0.262389
825 0
827 0.001937
828 0.00427
829 0.000109
831 0.01939
841 0.002268
844 0.010383
849 0.006711
851 0.013339
852 0.004635
854 0.014031
885 0.029286
894 0.15691
906 0.150877
907 0.011785
909 0.11375
