108 0.011776
110 0.189652
1268 0.05562
1259 0.001897
1250 7.75e-05
112 0.002834
113 0.001627
120 0.074267
1271 0.014876
122 0.046422
124 0.001246
1244 0.001134
126 0
127 0.103269
128 0.005892
1263 0.02549
132 0.001793
134 0.147049
140 0.106594
141 0.161397
145 0.019399
147 0.012879
148 0.160432
149 0.007712
150 0.109038
151 0.000351
152 0.193307
154 0.013001
158 0.380358
168 0.010473
169 0.308975
171 0.012169
1288 0.015408
174 0
175 0.030016
177 0.014335
178 0.207578
1302 0.099648
179 0.036109
181 0.001292
182 0.019845
1265 0.005806
184 0.294028
185 0.116183
188 0.254951
189 0.016571
191 0.036814
192 0.00558
195 0.242788
197 0.030391
1282 0.006808
1292 0.144984
204 0.02684
205 0.00122
212 0.018763
214 0.010209
215 0.000731
216 0.224347
217 0.002846
223 0.010023
225 0.008928
227 0.017884
229 0.018023
234 0.013781
236 0.035437
237 0.334828
238 0.008035
239 0.05999
241 0.000161
242 0.014825
243 0.013747
245 0.013949
246 0.002105
251 0.016199
252 0.008344
253 0.026311
262 0.029841
266 0.055273
271 0.060093
274 0.037118
275 0.073559
276 0.317762
280 0.047006
283 0.035322
284 0.012126
287 0.068032
289 0.015297
290 0.033722
291 0.024527
1226 0.097854
295 0.003841
298 0.005146
299 0.028591
301 0.022264
302 0.032553
1227 0.032703
304 0.00693
305 0.005007
307 0.017725
315 0.018296
317 0.022472
1228 0.223046
324 0.016293
326 0.056675
328 0.003099
915 0.015363
916 0.010932
917 0.003025
918 0.290278
919 0.027384
920 0.2149
922 0.003457
924 0.379701
927 0.231722
928 0.007452
929 0.136286
931 0.013415
932 0.005692
934 0.212763
937 0.020149
938 0.019465
942 0.1508
3 0.001961
947 0.007474
948 0.014375
949 0.364451
950 0.020683
952 0.011205
953 0.067856
954 0.025067
956 0.195225
958 0.025911
959 0.003745
960 0.039637
962 0.252921
965 0.026561
966 0.098247
967 0.215998
968 0.040217
971 0.199696
972 0.019606
977 0.296233
978 0.016179
979 0.010418
980 0.009187
981 0.002308
7 0.01677
983 0
985 0.007078
986 0.016897
987 0.015513
988 0.003693
989 0.007001
991 0.026018
994 0.240133
998 0.018801
1000 0.143331
1002 0.010411
1003 0.023217
1004 0.009733
1008 0.142032
1009 0.01895
1011 0.02121
1017 0.075297
1023 0.050774
1025 0.292483
1026 0.033249
1030 0.075445
1032 0.033103
1033 0.009735
1034 0.007344
1035 0
1036 0.064856
1037 0.025385
1042 0.025745
1043 0.004882
1046 0.015797
1048 0.004945
1051 0
1052 0.086505
1053 0.050338
1056 0.153502
1057 0.118002
1060 0
1062 0.28526
1063 0.060982
1068 0.214833
1069 0.013759
1070 0.030569
1071 0.014465
1074 0.029109
1077 0.021207
1078 0.011603
1079 0.562708
1080 0.056339
39 0.020668
1082 0.055409
1083 0.369834
1085 0.004548
1086 0.219182
1090 0.120034
1093 0.040684
1094 0.005101
1095 0.096829
1096 0.231163
1098 0
1100 0.012888
1101 0.105277
1102 0.001267
1103 0.157958
1104 0.030692
1106 0.008344
1107 0.017098
1109 0.037849
1113 0.009764
1115 0.00411
1118 0.125216
1120 0.061903
1121 0.129485
1123 0.014722
1125 0.035137
1134 0.032809
1139 0.025115
49 0.010494
52 0.007816
1141 0.041434
1142 0.01159
1146 0.334875
1148 0.181933
1150 0.043536
1154 0.129562
1157 0.125798
1159 0.021456
1160 0.061788
1239 0.147117
1163 0.239184
1164 0.016036
1165 0.004348
1168 0.064791
1170 0.018003
1171 0.099908
1176 0.010425
1187 0.081785
73 0.329846
84 0.003841
89 0.002934
1189 0.039168
1190 0.000588
1192 0.009915
1195 0.010902
1197 0.202105
99 0.002338
1198 0.023724
1205 0.194438
1206 0.008031
1207 0.174173
1209 0.014982
1210 0.722362
1211 0.04476
1212 0.116566
1213 0.010933
1232 0.011528
1223 0.005672
131 0.164582
160 0.015744
164 0.010577
167 0
176 0.009656
186 0.659885
194 0.356361
198 0.031923
199 0.08046
209 0.002163
221 0.046799
250 0.004049
260 0.003085
267 0.003819
279 0.068742
285 0.009448
293 0
296 0.361832
297 0.05088
329 0.376271
331 6e-04
332 0.012153
334 0.028689
339 0.009849
343 0.004053
345 0.027663
1224 0
349 0.068784
350 0.160234
355 0.341421
356 0.242841
357 0.029176
358 0.007138
359 0.32338
360 0.044624
367 0.001404
374 0.004564
375 0.587775
377 0.224492
382 0.002149
385 0.112026
388 0.00455
389 0.066902
390 0.003134
391 0.045986
394 0.712149
395 0.002219
396 0.004645
397 0.242921
399 0.082821
400 0.029679
403 0.250937
406 0.014733
408 0.016232
411 0.235666
413 0.003008
418 0.398351
419 0.17239
422 0.069336
423 0
426 0.062439
427 0.063412
428 0.006446
430 0.09439
432 0.486949
433 0.005557
434 0.00897
435 0.356571
436 0
438 0.001404
443 0.003685
444 0.254846
446 0.041734
448 0.041656
451 0.234893
452 0.209493
453 0.241804
456 0.01529
458 0.002737
459 0.009129
461 0.007407
464 0.017998
466 0.018161
469 0.183042
471 0.012703
480 0.022547
483 0.028716
485 0.293476
489 0.000666
499 0.003026
1218 0.033895
501 0.409867
503 0.018462
505 0.011612
507 0.028275
508 0.008067
510 0.025117
512 0.133085
513 0.000331
514 0.012518
516 0.200436
521 0.009127
524 0.024864
530 0.187283
533 0
537 0.236009
538 0.04596
540 0.000759
543 0.01383
544 0.03876
545 0.077013
548 0.009205
549 0.003445
550 0.052399
551 0.128323
554 0.011115
555 0.005692
556 0.014844
557 0.155058
558 0.007143
560 0.011815
564 0.003336
570 0.02175
571 0.003665
574 0.028205
575 0.03331
576 0.00691
577 0.249408
1233 0.029485
581 0.006021
583 0.063816
1230 0
584 0.00178
588 0.134526
590 0.018841
592 0.368914
594 0.280356
602 0.252863
610 0.198703
611 0.202027
612 0.322247
614 0.22326
616 0.006037
621 0.10092
629 0.076421
632 0.189893
642 0.005069
643 0.051996
647 0.012158
649 0.078957
652 0.24175
654 0.007195
657 0.168139
658 0.00765
660 0.045737
662 0.037585
668 0.022231
674 0
675 0.047984
677 0.498418
678 0.095069
679 0.033436
681 0.153216
682 0.001297
685 0.000133
687 0.668361
688 0.268531
690 0.031087
695 0.011925
700 0.038307
702 0.229917
703 0.013922
706 0.002495
707 0.002163
708 0.007937
710 0.001951
712 0.021243
714 0.02498
715 0.048302
716 0.08607
720 0.020449
723 0.070428
724 0.043366
725 0.038829
727 0.025427
728 0.134654
729 0.00668
731 0.226394
732 0.163057
733 0.084964
742 0.019886
744 0.197496
745 0.005384
751 0.007417
752 0.160843
753 0.027081
754 0.017487
755 0.001803
756 0.057409
759 0.275638
761 0.035404
765 0.037322
769 0.016802
770 0.162863
771 0.071881
772 0.052404
774 0.047908
775 0.231678
777 0.025355
778 0.272978
779 0.021462
783 0.007199
786 0.00692
787 0.006228
788 0.021175
789 0.038427
790 0.368211
791 0.005765
793 0.227772
795 0.003564
796 0.001914
797 0.007924
798 0.258894
800 0.049849
802 0.052264
803 0.026957
807 0.059662
808 0.005333
811 0.026879
813 0.049065
814 0.057835
816 0.005714
817 0.016673
818 0.010814
821 0
822 0.249716
825 0.005339
827 0.000806
828 0.023524
829 0.000572
831 0.024263
841 0.006734
844 0.008499
849 0.011797
851 0.127909
852 0.013029
854 0.039523
885 0.069184
894 0.238661
906 0.463484
907 0.049678
909 0.179994
