108 0.002451
110 0.001716
1268 0.006693
1259 0.017478
1250 0
112 0.004643
113 0
120 0.000965
1271 0
122 0.001141
124 0.002056
1244 0
126 0
127 0.000525
128 0
1263 0.00523
132 0
134 0
140 0.000424
141 0.012086
145 0.001339
147 0
148 0.001193
149 0
150 0.000598
151 0.000281
152 0.000161
154 0.000265
158 0.001791
168 0
169 0.000158
171 0.000567
1288 0.002928
174 0.002913
175 0
177 0.058846
178 0.007869
1302 0.030876
179 0.006147
181 0.01075
182 0.011853
1265 0.00984
184 0.024865
185 0.002852
188 0.010235
189 0.010081
191 0.009739
192 0.008171
195 0.003401
197 0.000883
1282 0.017961
1292 0.002632
204 0.006342
205 0.007777
212 0.004578
214 0.012655
215 0
216 0.003409
217 0.009203
223 0.007134
225 0.002083
227 0.000333
229 0.003109
234 0.000574
236 0.00081
237 0
238 0.000573
239 0.000218
241 0.000868
242 0
243 0.000922
245 0.002058
246 0.000404
251 0.003259
252 0.00321
253 0.008449
262 0.001613
266 0.003679
271 0.002057
274 0.001588
275 0.002267
276 0.004454
280 0.001394
283 0.003599
284 0.003554
287 0.000552
289 0.006109
290 0.005253
291 0.001524
1226 0.001862
295 0.001587
298 0.007575
299 0.00069
301 0.001295
302 0
1227 0.001566
304 0
305 0.002876
307 0.000473
315 0.000963
317 0.000786
1228 0.000324
324 0.000329
326 0.002261
328 0.00095
915 0.000862
916 0.001806
917 0.004021
918 0.001042
919 0
920 0.002669
922 2.31e-05
924 2e-04
927 0
928 0.000314
929 0
931 0
932 0.00017
934 0
937 0
938 0.000841
942 0.001555
3 0.004429
947 0
948 0
949 0
950 0
952 0.000222
953 0
954 0
956 0.000223
958 0
959 0
960 0
962 0.015122
965 0
966 0
967 0.001597
968 0
971 0
972 0
977 0.004642
978 0
979 0.002541
980 0
981 0
7 0.000612
983 0.00652
985 0
986 0
987 0
988 0
989 0
991 0
994 0
998 4.81e-05
1000 0
1002 0
1003 0.001547
1004 0.003387
1008 0.001921
1009 0
1011 0
1017 0.000686
1023 0.001885
1025 0.002082
1026 0.000587
1030 0
1032 0.001333
1033 0.001034
1034 0.007148
1035 0
1036 0.000216
1037 0.001292
1042 0.000934
1043 0.000487
1046 0.001931
1048 0.000491
1051 0.003778
1052 0.006771
1053 0.000532
1056 0
1057 0.000426
1060 0
1062 0
1063 0.000342
1068 0
1069 0.000726
1070 0.000675
1071 0
1074 0
1077 3e-04
1078 0.000427
1079 0
1080 0.001035
39 0
1082 0
1083 0
1085 0
1086 0
1090 0.000172
1093 0
1094 0.000381
1095 0
1096 0.000247
1098 0
1100 0
1101 0
1102 0
1103 0.00029
1104 0
1106 7.6e-05
1107 0
1109 0
1113 0
1115 0.001337
1118 0.000513
1120 0
1121 0
1123 3.59e-05
1125 0.000702
1134 0
1139 0
49 0.00034
52 0.000625
1141 0
1142 0
1146 0.003031
1148 0
1150 0
1154 0
1157 0
1159 0
1160 8.47e-05
1239 0
1163 0
1164 0
1165 0
1168 0
1170 0
1171 0
1176 0
1187 0
73 0.000571
84 0
89 0
1189 0.000839
1190 0
1192 0.001049
1195 0.000476
1197 0.000311
99 0
1198 0
1205 0
1206 0
1207 8.42e-05
1209 0
1210 0.000147
1211 9.42e-05
1212 0
1213 0
1232 0
1223 0
131 0
160 0
164 0
167 0
176 0
186 0
194 0
198 0
199 0
209 0
221 9.64e-05
250 0
260 0
267 0
279 0
285 0
293 0
296 0
297 0
329 0
331 0.058662
332 0.00428
334 0.001219
339 0.057012
343 0.002229
345 0.004796
1224 0.00128
349 0.002799
350 0.002896
355 0.000428
356 0.006399
357 0.000273
358 0.00083
359 0.00284
360 0
367 0.000851
374 0.003475
375 0.000792
377 0
382 0
385 0
388 0.00253
389 0.002105
390 0
391 0
394 0.000671
395 0
396 0
397 0
399 0
400 0.002099
403 0
406 0
408 0.000296
411 0.002057
413 0.002917
418 0.006475
419 0.002982
422 0.001943
423 0
426 0.003772
427 0.001449
428 0.00111
430 0.000562
432 0.002036
433 0.00197
434 0.003313
435 0
436 0
438 0
443 0.000666
444 0.000299
446 0.000281
448 0
451 0.001038
452 0.000458
453 0.000497
456 0
458 0.001397
459 0.000838
461 0.001138
464 0
466 0
469 0.00026
471 0
480 0
483 0
485 0
489 0.000528
499 0
1218 0
501 9.74e-05
503 0
505 0
507 0
508 0.000246
510 0
512 0
513 0
514 0
516 0
521 0.006528
524 0
530 0
533 0
537 0
538 0.000847
540 0
543 0
544 0.001713
545 0.005132
548 0.001475
549 0
550 0.002353
551 0.001359
554 0.000673
555 0.000607
556 0.011287
557 0.000529
558 0.002691
560 0.002122
564 0.003831
570 0.000513
571 0.000637
574 0
575 0.003848
576 0
577 0
1233 0.000361
581 0
583 0
1230 0
584 0.00065
588 0.000307
590 0
592 0.000235
594 0
602 0.001096
610 0
611 0
612 0
614 0
616 0
621 0
629 0
632 0
642 0
643 0.000522
647 0.001328
649 0.000938
652 0.00058
654 0
657 0.000603
658 0
660 0.000114
662 0.000745
668 0.002282
674 0.001025
675 0.000519
677 0.002076
678 0.001996
679 0
681 0.001521
682 0.000188
685 0.00141
687 0.000218
688 0
690 0
695 0
700 0
702 0.000464
703 0.00012
706 0
707 0
708 3.8e-05
710 0
712 0
714 0
715 0
716 0
720 0
723 0
724 0
725 0
727 0.001694
728 0
729 0.000858
731 0.002541
732 0
733 0.001202
742 0
744 0.002161
745 0
751 0
752 0
753 0.00085
754 0.000507
755 0.002203
756 0.001564
759 0.000504
761 0.000822
765 0.004104
769 0.000667
770 0
771 0.000511
772 0.000273
774 0
775 0
777 0
778 0.000179
779 0
783 0
786 0.000655
787 7.38e-05
788 0
789 0
790 0
791 8.9e-05
793 0
795 0.000403
796 5.69e-05
797 0
798 0
800 0
802 0
803 0
807 0
808 0.000555
811 6.3e-05
813 7e-04
814 0
816 0
817 0
818 0
821 0
822 0.009421
825 0.002128
827 0.00165
828 0
829 0
831 0.001663
841 0.002138
844 0.001187
849 0
851 0
852 0
854 0.000169
885 0.001354
894 0
906 0
907 0.000354
909 0.000549
