108 0
110 1
1268 1
1259 1
1250 1
112 1
113 0
120 0
1271 1
122 0
124 0
1244 0
126 0
127 1
128 0
1263 0
132 1
134 1
140 1
141 1
145 0
147 1
148 0
149 0
150 1
151 1
152 0
154 0
158 1
168 0
169 1
171 0
1288 1
174 1
175 1
177 1
178 0
1302 0
179 1
181 1
182 1
1265 1
184 1
185 0
188 0
189 1
191 1
192 1
195 1
197 1
1282 1
1292 1
204 1
205 1
212 1
214 1
215 1
216 0
217 1
223 0
225 0
227 1
229 1
234 1
236 1
237 0
238 1
239 1
241 1
242 1
243 0
245 0
246 1
251 0
252 0
253 0
262 1
266 0
271 1
274 1
275 0
276 0
280 1
283 1
284 1
287 1
289 0
290 1
291 1
1226 1
295 0
298 1
299 0
301 1
302 1
1227 0
304 1
305 1
307 1
315 0
317 0
1228 0
324 0
326 1
328 1
915 1
916 1
917 0
918 0
919 0
920 0
922 1
924 1
927 0
928 1
929 1
931 1
932 1
934 1
937 1
938 0
942 1
3 0
947 0
948 0
949 0
950 0
952 1
953 0
954 1
956 1
958 1
959 0
960 1
962 0
965 1
966 0
967 0
968 0
971 0
972 0
977 1
978 1
979 1
980 0
981 1
7 0
983 0
985 1
986 1
987 1
988 0
989 0
991 1
994 0
998 1
1000 0
1002 1
1003 0
1004 1
1008 1
1009 1
1011 0
1017 1
1023 1
1025 0
1026 0
1030 1
1032 1
1033 1
1034 0
1035 0
1036 1
1037 0
1042 1
1043 0
1046 1
1048 0
1051 0
1052 0
1053 1
1056 1
1057 0
1060 0
1062 0
1063 1
1068 0
1069 1
1070 1
1071 1
1074 1
1077 1
1078 1
1079 0
1080 1
39 0
1082 0
1083 0
1085 1
1086 0
1090 0
1093 1
1094 0
1095 1
1096 0
1098 0
1100 0
1101 1
1102 1
1103 0
1104 0
1106 0
1107 1
1109 1
1113 0
1115 1
1118 1
1120 0
1121 1
1123 0
1125 0
1134 1
1139 0
49 1
52 1
1141 1
1142 1
1146 0
1148 1
1150 1
1154 0
1157 0
1159 0
1160 1
1239 0
1163 1
1164 1
1165 1
1168 0
1170 1
1171 1
1176 1
1187 1
73 0
84 0
89 0
1189 1
1190 1
1192 1
1195 1
1197 0
99 0
1198 1
1205 0
1206 0
1207 1
1209 1
1210 1
1211 1
1212 0
1213 1
1232 1
1223 1
131 0
160 0
164 1
167 0
176 1
186 0
194 0
198 1
199 0
209 0
221 0
250 1
260 1
267 0
279 0
285 0
293 0
296 0
297 0
329 0
331 0
332 1
334 1
339 1
343 1
345 1
1224 0
349 0
350 0
355 1
356 0
357 1
358 0
359 0
360 0
367 1
374 0
375 0
377 0
382 0
385 0
388 1
389 0
390 0
391 0
394 1
395 1
396 0
397 0
399 0
400 0
403 0
406 0
408 0
411 0
413 1
418 0
419 0
422 1
423 0
426 0
427 1
428 0
430 1
432 1
433 0
434 0
435 0
436 0
438 1
443 0
444 1
446 1
448 0
451 1
452 0
453 1
456 1
458 1
459 1
461 1
464 0
466 0
469 0
471 0
480 0
483 0
485 0
489 0
499 0
1218 0
501 0
503 1
505 0
507 0
508 0
510 0
512 1
513 1
514 0
516 0
521 1
524 0
530 0
533 0
537 1
538 1
540 1
543 0
544 0
545 0
548 1
549 1
550 1
551 1
554 1
555 1
556 1
557 1
558 1
560 1
564 0
570 1
571 1
574 1
575 1
576 0
577 1
1233 1
581 1
583 0
1230 1
584 1
588 1
590 1
592 1
594 0
602 0
610 0
611 0
612 0
614 0
616 1
621 1
629 0
632 0
642 1
643 1
647 0
649 1
652 0
654 1
657 0
658 1
660 1
662 1
668 1
674 1
675 1
677 0
678 0
679 0
681 0
682 0
685 1
687 1
688 0
690 0
695 0
700 1
702 0
703 1
706 0
707 1
708 0
710 0
712 1
714 0
715 1
716 1
720 1
723 1
724 0
725 1
727 1
728 1
729 1
731 1
732 0
733 1
742 0
744 1
745 1
751 1
752 0
753 1
754 0
755 1
756 0
759 1
761 1
765 0
769 1
770 0
771 1
772 1
774 1
775 1
777 1
778 0
779 1
783 0
786 1
787 1
788 0
789 1
790 1
791 0
793 1
795 1
796 1
797 1
798 0
800 1
802 1
803 1
807 1
808 0
811 1
813 1
814 1
816 0
817 1
818 0
821 0
822 0
825 0
827 1
828 1
829 1
831 1
841 1
844 1
849 1
851 1
852 1
854 1
885 0
894 0
906 1
907 1
909 1
