108 0.091677
110 0.006023
1268 0.004206
1259 0.084915
1250 0.218578
112 0.15574
113 0.049901
120 0.018018
1271 0.010465
122 0.00763
124 0.063515
1244 0.167901
126 0.335404
127 0.000357
128 0.353419
1263 0.009984
132 0.292338
134 0
140 0.000557
141 0.000723
145 0
147 0.02279
148 0
149 0.052949
150 0
151 0.169025
152 0
154 0
158 0.000573
168 0.075966
169 0.000458
171 0
1288 0.117247
174 0.005275
175 0.042464
177 0
178 0
1302 0
179 0.061363
181 0.147337
182 0
1265 0.041009
184 0
185 0
188 0
189 0
191 0.041237
192 0.100164
195 0
197 0
1282 0
1292 0
204 0.000832
205 0
212 0.001624
214 0.003399
215 0.268837
216 0.000391
217 0.014577
223 0
225 0
227 0
229 0
234 0
236 0
237 0.003102
238 0
239 0
241 0.003925
242 0
243 0
245 0
246 0
251 0
252 0
253 0
262 0
266 0.000911
271 0
274 0.001271
275 0
276 0
280 0
283 0.002987
284 0.023122
287 0
289 0
290 0.002282
291 0
1226 0.000349
295 0
298 0.039698
299 0
301 0
302 0
1227 0.001888
304 0
305 0.000319
307 0
315 0
317 0
1228 0
324 0
326 0
328 0.044643
915 0
916 0
917 0
918 0
919 0.00386
920 0.000509
922 0
924 0
927 0
928 0
929 0.010639
931 0
932 0
934 0.001838
937 0
938 0
942 0.129914
3 0
947 0
948 0
949 0.000357
950 0.004454
952 0
953 0
954 0
956 0.001087
958 0
959 0.036289
960 0
962 0
965 0.070542
966 0
967 0.003415
968 0
971 0
972 0
977 0.000524
978 0
979 0
980 0.000134
981 0
7 0
983 0
985 0.001687
986 0
987 0.000398
988 0.099201
989 0
991 0.046344
994 0
998 0.089731
1000 0.000182
1002 0
1003 0
1004 0
1008 0.013476
1009 0
1011 0.014742
1017 0.001094
1023 0
1025 0
1026 0
1030 0.001034
1032 0.000359
1033 0
1034 0.000735
1035 0
1036 0.025104
1037 0
1042 0.009039
1043 0
1046 0.06395
1048 0
1051 0
1052 0
1053 0.008971
1056 0.207383
1057 0.003419
1060 0.074407
1062 0
1063 0
1068 0
1069 0
1070 0.001813
1071 0.00451
1074 0
1077 0
1078 0.051909
1079 0.000379
1080 0
39 0
1082 0.005616
1083 0
1085 0
1086 0.012468
1090 0.000972
1093 0.005435
1094 0.046485
1095 0
1096 0.000625
1098 0.000383
1100 0
1101 0
1102 0
1103 0.000164
1104 0
1106 0
1107 0
1109 0
1113 0
1115 0
1118 0.003818
1120 0
1121 0.001181
1123 0.024869
1125 0.006973
1134 0.00207
1139 0
49 0
52 0
1141 0.003552
1142 0
1146 0
1148 0
1150 0.011211
1154 0
1157 0.001022
1159 0
1160 0
1239 0
1163 0.00072
1164 0
1165 0
1168 0.081421
1170 0.002324
1171 0.000281
1176 0.018364
1187 0
73 0
84 0.048093
89 0
1189 0.00673
1190 0.15821
1192 0
1195 0
1197 0
99 0
1198 0
1205 0.000886
1206 0.002965
1207 0.000289
1209 0
1210 0
1211 0.001987
1212 0
1213 0.05836
1232 0
1223 0.008711
131 0
160 0
164 0
167 0
176 0
186 0
194 0
198 0
199 0.00215
209 0
221 0
250 0.010702
260 0
267 0.023022
279 0
285 0.003929
293 0
296 0
297 0
329 0
331 0.220242
332 0
334 0
339 0.040123
343 0
345 0
1224 0
349 0.002743
350 0.001109
355 0.003595
356 0.000936
357 0
358 0
359 0
360 0.006518
367 0.180954
374 0
375 0
377 0
382 0
385 0
388 0.001361
389 0
390 0.001555
391 0
394 0.041493
395 0.313368
396 0
397 0
399 0
400 0.008687
403 0
406 0
408 0.003508
411 0
413 0.068185
418 0
419 0
422 0.001286
423 0
426 0.197645
427 0.00464
428 0
430 0.002335
432 0
433 0
434 0
435 0
436 0
438 0.081933
443 0
444 0.0012
446 0
448 0
451 0
452 0
453 0
456 0
458 0
459 0.140211
461 0.004231
464 0
466 0
469 0
471 0
480 0.00047
483 0
485 0.000176
489 0.000122
499 0.024815
1218 0.012569
501 0
503 0
505 0
507 0
508 0
510 0
512 0
513 0.225512
514 0
516 0
521 0.017
524 0
530 0
533 0.000264
537 0
538 0
540 0
543 0
544 0
545 0.005791
548 0.064867
549 0.150192
550 0.002076
551 0.003419
554 0
555 0
556 0.053417
557 0
558 0.001041
560 0.081571
564 0
570 0
571 0
574 0
575 0.005752
576 0
577 0.002113
1233 0
581 0.004345
583 0
1230 0.002579
584 0
588 0.050928
590 0
592 0
594 0
602 0
610 0
611 0.003985
612 0
614 9.92e-05
616 0
621 0.002783
629 0
632 0
642 0
643 0
647 0.151092
649 0.001382
652 0
654 0
657 0
658 0.017347
660 0
662 0
668 0.000638
674 0.001253
675 0.042875
677 0
678 0
679 0.00697
681 0.000907
682 0.120637
685 0.008339
687 0
688 0
690 0
695 0.002375
700 0
702 0
703 0
706 0
707 0.038917
708 0
710 0.038736
712 0
714 0
715 0
716 0.001035
720 0
723 0.005516
724 0
725 0.000293
727 0
728 0
729 0.022334
731 0.001007
732 0
733 0
742 0.00125
744 0
745 0.053116
751 0.013701
752 0
753 0.000596
754 0
755 0
756 0.00694
759 0
761 0.004065
765 0
769 0.001571
770 0
771 0
772 0.045607
774 0
775 0
777 0.000312
778 0
779 0.144535
783 0
786 0
787 0
788 0
789 0
790 0
791 0
793 0.000761
795 0
796 0.032864
797 0
798 0
800 0
802 0
803 0
807 0.000204
808 0
811 0.000241
813 9.65e-05
814 0
816 0
817 0.01021
818 0
821 0
822 0
825 0
827 0.191929
828 0
829 0.204851
831 0
841 0
844 0.056107
849 0.017527
851 0.000221
852 0.014406
854 0
885 0
894 0
906 0
907 0
909 0.001331
