108 0.767138
110 0
1268 0.700633
1259 0.738655
1250 0.706409
112 0.865425
113 0.499649
120 0.743258
1271 0.863507
122 0.776055
124 0.79898
1244 0.631632
126 0.740276
127 0.594094
128 0.540426
1263 0.850123
132 0.636317
134 0.288324
140 0.408342
141 0.291451
145 0.002411
147 0.872213
148 0.070412
149 0.599867
150 0
151 0.952679
152 0.233027
154 0.001386
158 0.295955
168 0.936327
169 0.21112
171 0
1288 0.046647
174 0.743011
175 0.825395
177 0
178 0.079718
1302 0
179 0.741864
181 0.727767
182 0.010451
1265 0.891099
184 0.375495
185 0.168924
188 0.087295
189 0.01833
191 0.164734
192 0.837575
195 0.277998
197 0.499342
1282 0.002175
1292 0
204 0.014078
205 0
212 0.043078
214 0
215 0.382523
216 0.316661
217 0.253791
223 0.004295
225 0
227 0
229 0.006927
234 0.004784
236 0.001127
237 0
238 0.003089
239 0
241 0.000206
242 0
243 0
245 0.005836
246 0
251 0
252 0
253 0
262 0
266 0
271 0.004549
274 0.078924
275 0
276 0.298404
280 0
283 0.121691
284 0.404847
287 0.049891
289 0.006369
290 0.323919
291 0.010442
1226 0.056285
295 0
298 0.297896
299 0.055975
301 0.008639
302 0.008571
1227 0.065054
304 0.000896
305 0
307 0.001145
315 0.001946
317 0.002335
1228 0.168901
324 0.005126
326 0
328 0.837769
915 0
916 0.009101
917 0
918 0.40009
919 0.814925
920 0.278079
922 0.470356
924 0.090074
927 0.234047
928 0
929 0.642341
931 0
932 0.002125
934 0.414151
937 0.000682
938 0.001914
942 0.695954
3 0
947 0.009714
948 0
949 0.230218
950 0.126225
952 0.003622
953 0
954 0.033819
956 0.334308
958 0.013402
959 0.123355
960 0.000324
962 0.116295
965 0.361623
966 0.231951
967 0.544289
968 0.088861
971 0.105053
972 0.005268
977 0.269695
978 0
979 0
980 0.006133
981 0
7 0.002947
983 0
985 0.002122
986 0.002558
987 0.011032
988 0.271226
989 0.004113
991 0.315295
994 0
998 0.746572
1000 0.156943
1002 0.002022
1003 0
1004 0.010808
1008 0
1009 0
1011 0.872541
1017 0.122502
1023 0.006473
1025 0.079905
1026 0.024943
1030 0.027933
1032 0
1033 0.001967
1034 0.004759
1035 0
1036 0.84236
1037 0.00268
1042 0.012668
1043 0
1046 0.478394
1048 0.00373
1051 0
1052 0.079676
1053 0.71035
1056 0.615853
1057 0.693556
1060 0.961698
1062 0
1063 0.245033
1068 0
1069 0
1070 0.001806
1071 0.403212
1074 0.003242
1077 0
1078 0.691615
1079 0
1080 0.001027
39 0.018584
1082 0.795652
1083 0
1085 0.020233
1086 0
1090 0.194923
1093 0.027113
1094 0.939067
1095 0
1096 0.285027
1098 0
1100 0
1101 0
1102 0
1103 0.236886
1104 0
1106 0.002618
1107 0
1109 0.005166
1113 0.010739
1115 0.004275
1118 0.000943
1120 0.052524
1121 0.061634
1123 0.33374
1125 0.854496
1134 0.050961
1139 0
49 0.001332
52 0
1141 0.08069
1142 0
1146 0.301524
1148 0.080965
1150 0.818749
1154 0.08811
1157 0.677511
1159 0.00548
1160 0.0335
1239 0.132626
1163 0
1164 0.0053
1165 0.006704
1168 0.784845
1170 0.145337
1171 0
1176 0.149758
1187 0.030574
73 0.137491
84 0.88625
89 0
1189 0.3991
1190 0.846957
1192 0.010533
1195 0.000625
1197 0.348715
99 0
1198 0.007994
1205 0.455231
1206 0.02453
1207 0.047143
1209 0
1210 0.017005
1211 0.594809
1212 0
1213 0.361202
1232 0.002708
1223 0.097791
131 0.203593
160 0
164 0.005834
167 0.712266
176 0
186 0
194 0.210728
198 0.023135
199 0
209 0
221 0.017373
250 0.124065
260 0.000818
267 0.385352
279 0.101776
285 0.838798
293 0
296 0.152768
297 0.098216
329 0.108901
331 0.570453
332 0.011451
334 0
339 0.173634
343 0
345 0.001595
1224 0
349 0.606881
350 0.553953
355 0
356 0.345314
357 0.015584
358 0
359 0.046256
360 0.73878
367 0.48427
374 0.007766
375 0.074815
377 0.139115
382 0
385 0.117517
388 0.041834
389 0
390 0.012304
391 0.009731
394 0
395 0.519338
396 0.001792
397 0.061533
399 0.097543
400 0.827702
403 0
406 0
408 0.634743
411 0.378648
413 0.359624
418 0
419 0.140214
422 0.029513
423 0
426 0.447684
427 0.662059
428 0.002989
430 0.145195
432 0
433 0.001052
434 0
435 0.217844
436 0
438 0.771373
443 0
444 0.510502
446 0.009337
448 0
451 0
452 0.114013
453 0.024465
456 0.002277
458 0.002487
459 0.554956
461 0.101341
464 0.001454
466 0.001182
469 0.078597
471 0
480 0
483 0.018389
485 0.337248
489 0
499 0.336747
1218 0.766354
501 0.033748
503 0.013171
505 0.021531
507 0.018276
508 0.001307
510 0.006995
512 0.046163
513 0.184644
514 0.018136
516 0.314347
521 0.076691
524 0
530 0.162076
533 0.176503
537 0.061265
538 0
540 0.000282
543 0.007812
544 0
545 0.538596
548 0.762315
549 0.689351
550 0.069663
551 0.678206
554 0.005657
555 0
556 0.627631
557 0.224091
558 0.028906
560 0.01392
564 0.00467
570 0
571 0.005369
574 0.010319
575 0.741587
576 0
577 0
1233 0.000833
581 0.000393
583 0.097459
1230 0.045426
584 0
588 0.242883
590 0.003787
592 0.05658
594 0.14918
602 0.155908
610 0.122586
611 0.310235
612 0.049653
614 0.051432
616 0
621 0.60848
629 0.311928
632 0.140226
642 0.001236
643 0.01677
647 0.77709
649 0.243515
652 0.329716
654 0.001945
657 0.315841
658 0.160013
660 0.006539
662 0.000871
668 0.019158
674 0
675 0.795392
677 0.034354
678 0.02929
679 0.274198
681 0.289429
682 0.345541
685 0.000465
687 0.030809
688 0.113458
690 0.00803
695 0.020757
700 0.000881
702 0.116736
703 0.004143
706 0.002489
707 0.169109
708 0
710 0.089237
712 0.010193
714 0.002233
715 0.006518
716 0.5836
720 0
723 0.616656
724 0.135557
725 0.026037
727 0.004638
728 0
729 0.854994
731 0
732 0.201862
733 0
742 0.015524
744 0.135039
745 0.366512
751 0.191985
752 0.144174
753 0.021791
754 0.00937
755 0
756 0.586653
759 0.271708
761 0.161997
765 0.00312
769 0.015232
770 0
771 0.000418
772 0.780925
774 0.006223
775 0.124661
777 0.006725
778 0.168618
779 0.077676
783 0
786 0.000564
787 0
788 0
789 0.028206
790 0.102637
791 0.001162
793 0.456046
795 0
796 0.004358
797 0
798 0.035949
800 0.029164
802 0
803 0.00763
807 0
808 0
811 0.001798
813 0
814 0.02148
816 0
817 0.118183
818 0.002198
821 0
822 0.186637
825 0
827 0.799993
828 0
829 0.516056
831 0.001463
841 0
844 0.743633
849 0.011815
851 0.079581
852 0.826742
854 0
885 0
894 0.221737
906 0
907 0
909 0
