108 0.066616
110 0
1268 0
1259 0.035196
1250 0.154098
112 0
113 0.322686
120 0
1271 0
122 0
124 0.112633
1244 0.051395
126 0.089486
127 0
128 0.408389
1263 0.008501
132 0.064013
134 0
140 0.010611
141 0
145 0
147 0.017561
148 0
149 0.081469
150 0
151 0
152 0
154 0
158 0
168 0
169 0
171 0
1288 0.094059
174 0
175 0.029424
177 0
178 0
1302 0
179 0.071095
181 0.081606
182 0
1265 0
184 0
185 0
188 0
189 0
191 0.091039
192 0.005344
195 0
197 0
1282 0
1292 0
204 0
205 0
212 0.006631
214 0
215 0.292587
216 0
217 0.040194
223 0
225 0
227 0
229 0
234 0
236 0
237 0
238 0
239 0
241 0.01556
242 0
243 0
245 0
246 0
251 0
252 0
253 0
262 0.001054
266 0
271 0
274 0
275 0
276 0
280 0
283 0.00374
284 0.048432
287 0
289 0
290 0.018467
291 0
1226 0
295 0
298 0.177937
299 0
301 0.000296
302 0
1227 0
304 0
305 0.002385
307 0
315 0
317 0
1228 0
324 0
326 0
328 0.011441
915 0
916 0
917 0
918 0
919 0
920 0
922 0
924 0
927 0
928 0
929 0
931 0
932 0
934 0.011921
937 0
938 0
942 0
3 0
947 0
948 0
949 0
950 0.057222
952 0
953 0
954 0
956 0
958 0
959 0.03486
960 0
962 0
965 0.142727
966 0
967 0.001899
968 0
971 0
972 0
977 0
978 0
979 0.002091
980 0.000775
981 0
7 0
983 0
985 0.099082
986 0
987 0
988 0.111587
989 0
991 0.08439
994 0
998 0.00981
1000 0
1002 0
1003 0
1004 0
1008 0
1009 0.000173
1011 0.008281
1017 0
1023 0.000644
1025 0
1026 0
1030 0
1032 0
1033 0
1034 0
1035 0
1036 0
1037 0
1042 0.039044
1043 0
1046 0.004596
1048 0
1051 0
1052 0
1053 0.002399
1056 0
1057 0
1060 0
1062 0
1063 0
1068 0
1069 0
1070 0.007349
1071 0.006853
1074 0
1077 0
1078 0.025211
1079 0
1080 0
39 0
1082 0
1083 0
1085 0
1086 0
1090 0
1093 0.01909
1094 0
1095 0
1096 0
1098 0.001057
1100 0
1101 0
1102 0
1103 0
1104 0
1106 0
1107 0
1109 0.000957
1113 0
1115 0
1118 0
1120 0.007064
1121 0
1123 0.53588
1125 0.001626
1134 0.00888
1139 0
49 0
52 0
1141 0.005315
1142 0
1146 0
1148 0
1150 0.003473
1154 0
1157 0
1159 0.000936
1160 0
1239 0
1163 0
1164 0
1165 0.000662
1168 0
1170 0.019279
1171 0
1176 0.035087
1187 0
73 0
84 0.011598
89 0
1189 0.058298
1190 0.045347
1192 0
1195 0
1197 0
99 0
1198 0.000708
1205 0
1206 0.013346
1207 0
1209 0
1210 0
1211 0.201468
1212 0
1213 0.022541
1232 0
1223 0.060169
131 0
160 0
164 0.000381
167 0
176 0.000625
186 0
194 0
198 0.000534
199 0
209 0
221 0.000391
250 0.015484
260 0
267 0.053094
279 0
285 0
293 0
296 0
297 0
329 0
331 0.188584
332 0
334 0
339 0.112638
343 0
345 0
1224 0
349 0
350 0
355 0
356 0
357 0
358 0
359 0
360 0
367 0
374 0
375 0
377 0
382 0
385 0
388 0.016209
389 0
390 0
391 0
394 0
395 0
396 0
397 0
399 0
400 0
403 0
406 0
408 0
411 0
413 0.144404
418 0
419 0
422 0.002308
423 0
426 0.220408
427 0
428 0
430 0
432 0
433 0
434 0
435 0
436 0
438 0.044398
443 0
444 0
446 0
448 0
451 0
452 0
453 0
456 0
458 0
459 0.142278
461 0.040764
464 0
466 0.000546
469 0
471 0
480 0.0025
483 0
485 0
489 0
499 0.091517
1218 0
501 0
503 0
505 0
507 0
508 0
510 0.001139
512 0
513 0.43608
514 0
516 0
521 0.104915
524 0
530 0
533 0
537 0
538 0
540 0
543 0
544 0
545 0
548 0
549 0
550 0.094527
551 0
554 0
555 0
556 0.05217
557 0
558 0.012256
560 0.26498
564 0
570 0
571 0
574 0
575 0
576 0
577 0
1233 0
581 0.026359
583 0
1230 0
584 0
588 0
590 0
592 0
594 0
602 0
610 0
611 0
612 0
614 0
616 0
621 0
629 0
632 0
642 0
643 0
647 0.046684
649 0
652 0
654 0
657 0
658 0.082449
660 0
662 0.013005
668 0
674 0
675 0.010252
677 0
678 0
679 0.041211
681 0
682 0.255425
685 0.03391
687 0
688 0
690 0
695 0
700 0
702 0
703 0
706 0
707 0.080847
708 0
710 0.137483
712 0
714 0
715 0.001583
716 0
720 0
723 0.194647
724 0
725 0
727 0
728 0
729 0.032247
731 0
732 0
733 0
742 0.001579
744 0
745 0.059416
751 0.046612
752 0
753 0.000633
754 0
755 0
756 0
759 0
761 0
765 0
769 0
770 0
771 0
772 0
774 0
775 0
777 0
778 0
779 0.355388
783 0
786 0
787 0
788 0
789 0
790 0
791 0
793 0
795 0
796 0.097896
797 0
798 0
800 0
802 0
803 0.000756
807 0
808 0
811 0
813 0
814 0
816 0
817 0.00964
818 0
821 0
822 0
825 0
827 0.063233
828 0
829 0.228482
831 0
841 0
844 0.017967
849 0.125236
851 0
852 0
854 0
885 0
894 0
906 0
907 0.000338
909 0
