108 0.639653
110 0
1268 0.555623
1259 0.792076
1250 0.838797
112 0.785271
113 0.857859
120 0.55102
1271 0.819003
122 0.370357
124 0.735344
1244 0.9104
126 0.656386
127 0.145776
128 0.397261
1263 0.733194
132 0.823274
134 0.092492
140 0.045283
141 0.14232
145 0
147 0.833617
148 0
149 0.912613
150 0
151 0.855149
152 0.117825
154 0
158 0.080543
168 0.878439
169 0.074433
171 0
1288 0.022753
174 0.576301
175 0.831883
177 0
178 0
1302 0
179 0.704174
181 0.888031
182 0.000909
1265 0.889001
184 0.032023
185 0
188 0.011333
189 0.001315
191 0.130539
192 0.956181
195 0.057313
197 0
1282 0.000195
1292 0
204 0.004384
205 0
212 0.018922
214 0
215 0.63413
216 0.110413
217 0.408304
223 0
225 0
227 0
229 0
234 0
236 0
237 0
238 0
239 0
241 9.84e-05
242 0
243 0
245 0
246 0
251 0
252 0
253 0
262 0
266 0
271 0.000769
274 0.013469
275 0
276 0.094996
280 0
283 0.010894
284 0.519931
287 0.005918
289 0
290 0.275997
291 0.002071
1226 0.021363
295 0
298 0.301625
299 0.005191
301 0
302 0.001089
1227 0.020386
304 0.000236
305 0
307 0
315 0
317 0
1228 0
324 0
326 0
328 0.929903
915 0
916 0.00338
917 0
918 0
919 0
920 0.148027
922 0
924 0
927 0
928 0
929 0.525289
931 0
932 0.000441
934 0.452375
937 0
938 0
942 0.39447
3 0
947 0
948 0
949 0.068656
950 0.092657
952 0
953 0
954 0.003823
956 0.058948
958 0.002106
959 0.010328
960 0
962 0
965 0.080908
966 0.021073
967 0.343987
968 0.011998
971 0
972 0
977 0.027967
978 0
979 0
980 0
981 0
7 0
983 0
985 0
986 0
987 0.001453
988 0.724761
989 0
991 0.44465
994 0
998 0.582146
1000 0.008344
1002 0
1003 0
1004 0
1008 0
1009 0
1011 0.874241
1017 0.022976
1023 0.000241
1025 0
1026 0
1030 0.002249
1032 0
1033 0
1034 0
1035 0
1036 0.745769
1037 0
1042 0.003787
1043 0
1046 0.777949
1048 0
1051 0
1052 0
1053 0.573754
1056 0.156221
1057 0.534485
1060 0.905296
1062 0
1063 0
1068 0
1069 0
1070 0
1071 0.187062
1074 0
1077 0
1078 0.649689
1079 0
1080 0
39 0.001593
1082 0.429851
1083 0
1085 0.002692
1086 0
1090 0.024984
1093 0.048857
1094 0.888235
1095 0
1096 0.141157
1098 0
1100 0
1101 0
1102 0
1103 0.051901
1104 0
1106 0
1107 0
1109 0.002309
1113 0
1115 0
1118 0.002024
1120 0.009648
1121 0.011524
1123 0.5271
1125 0.794399
1134 0.008887
1139 0
49 0
52 0
1141 0.015934
1142 0
1146 0.033226
1148 0
1150 0.859867
1154 0
1157 0.0674
1159 0
1160 0.006653
1239 0.03249
1163 0
1164 0
1165 0
1168 0.656311
1170 0.032811
1171 0
1176 0.080656
1187 0.001054
73 0
84 0.761283
89 0
1189 0.310119
1190 0.861599
1192 0
1195 0
1197 0.096912
99 0
1198 0
1205 0.125244
1206 0.006677
1207 0.005251
1209 0
1210 0
1211 0.528635
1212 0
1213 0.720204
1232 0
1223 0.037703
131 0
160 0
164 0
167 0
176 0
186 0
194 0
198 0
199 0
209 0
221 0.000525
250 0.01463
260 0
267 0.075778
279 0
285 0.699238
293 0
296 0
297 0.041386
329 0
331 0.801703
332 0
334 0
339 0.121969
343 0
345 0
1224 0
349 0.168854
350 0.19631
355 0
356 0.046426
357 0.000794
358 0
359 0
360 0
367 0.53524
374 0
375 0.006471
377 0
382 0
385 0.018662
388 0.018894
389 0
390 0
391 0
394 0
395 0.626455
396 0
397 0
399 0
400 0.513329
403 0
406 0
408 0.491737
411 0.141228
413 0.472573
418 0
419 0.012026
422 0.006869
423 0
426 0.18583
427 0.543773
428 0
430 0.026382
432 0
433 0
434 0
435 0
436 0
438 0.906817
443 0
444 0.351668
446 0
448 0
451 0
452 0.033207
453 0
456 0
458 0.000527
459 0.622932
461 0.052522
464 0
466 0
469 0.016681
471 0
480 0
483 0
485 0.172188
489 0
499 0.193749
1218 0.45268
501 0
503 0.001266
505 0.002897
507 0
508 0
510 0
512 0
513 0.296673
514 0.001551
516 0.046275
521 0.093677
524 0
530 0
533 0
537 0.001266
538 0
540 0
543 0
544 0
545 0.245023
548 0.912711
549 0.908999
550 0
551 0.352236
554 0
555 0
556 0.84684
557 0
558 0.014384
560 0.016535
564 0.001783
570 0
571 0.001633
574 0.001283
575 0.616485
576 0
577 0
1233 0.000179
581 0
583 0
1230 0.004105
584 0
588 0.015629
590 0
592 0
594 0.01284
602 0
610 0
611 0.568742
612 0
614 0.004775
616 0
621 0.166002
629 0.031152
632 0
642 0
643 0.000677
647 0.851048
649 0.087268
652 0.074547
654 0
657 0.133739
658 0.446343
660 0.000387
662 0
668 0.011412
674 0
675 0.889359
677 0
678 0.001898
679 0.175035
681 0
682 0.597373
685 0.000195
687 0
688 0.028954
690 0.00222
695 0.009764
700 0
702 0
703 0
706 0
707 0.113397
708 0
710 0.156448
712 0.000902
714 0
715 0.001565
716 0.265413
720 0
723 0.529354
724 0
725 0.004915
727 0
728 0
729 0.731369
731 0
732 0.052481
733 0
742 0.001933
744 0.026745
745 0.215042
751 0.094637
752 0
753 0.011983
754 0
755 0
756 0.564648
759 0.060636
761 0.026172
765 0
769 0.005702
770 0
771 0
772 0.783149
774 0.000412
775 0
777 0.000848
778 0
779 0.068784
783 0
786 0
787 0
788 0
789 0
790 0.008802
791 0
793 0.171128
795 0
796 0.003618
797 0
798 0
800 0.002599
802 0
803 0
807 0
808 0
811 0
813 0
814 0.003627
816 0
817 0.016827
818 0
821 0
822 0.041528
825 0
827 0.682038
828 0
829 0.766785
831 0
841 0
844 0.772267
849 0.007304
851 0.088454
852 0.915232
854 0
885 0
894 0
906 0
907 0
909 0
