108 0.131119
110 0
1268 0.087346
1259 0.087171
1250 0.105415
112 0.06324
113 0.058743
120 0.020764
1271 0.00749
122 0
124 0.128992
1244 0.047492
126 0.10269
127 0
128 0
1263 0.032912
132 0.126557
134 0
140 0
141 0
145 0
147 0.015914
148 0
149 0.024308
150 0
151 0.11834
152 0
154 0
158 0
168 0.026463
169 0
171 0
1288 0
174 0.035713
175 0.025736
177 0
178 0
1302 0
179 0.168644
181 0.096141
182 0
1265 0.056714
184 0
185 0
188 0
189 0
191 0.011804
192 0.01875
195 0
197 0
1282 0
1292 0
204 0
205 0
212 0
214 0
215 0.053151
216 0
217 0.016435
223 0
225 0
227 0
229 0
234 0
236 0
237 0
238 0
239 0
241 0
242 0
243 0
245 0
246 0
251 0
252 0
253 0
262 0
266 0
271 0
274 0
275 0
276 0
280 0
283 0
284 0.009252
287 0
289 0
290 0.003238
291 0
1226 0.000212
295 0
298 0.010151
299 0
301 0
302 0
1227 0
304 0
305 0
307 0
315 0
317 0
1228 0
324 0
326 0
328 0.016898
915 0
916 0
917 0
918 0
919 0
920 0
922 0
924 0
927 0
928 0
929 0.041415
931 0
932 0
934 0.05429
937 0
938 0
942 0.005359
3 0
947 0
948 0
949 0
950 0.011333
952 0
953 0
954 0
956 0
958 0
959 0
960 0
962 0
965 0.00912
966 0
967 0.035195
968 0
971 0
972 0
977 0
978 0
979 0
980 0
981 0
7 0
983 0
985 0
986 0
987 0
988 0.067883
989 0
991 0.00823
994 0
998 0.265766
1000 0
1002 0
1003 0
1004 0
1008 0
1009 0
1011 0.020669
1017 0
1023 0
1025 0
1026 0
1030 0
1032 0
1033 0
1034 0
1035 0
1036 0.135681
1037 0
1042 0
1043 0
1046 0.025611
1048 0
1051 0
1052 0
1053 0.017411
1056 0
1057 0
1060 0.024134
1062 0
1063 0
1068 0
1069 0
1070 0
1071 0.001612
1074 0
1077 0
1078 0.035362
1079 0
1080 0
39 0
1082 0.054515
1083 0
1085 0
1086 0
1090 0
1093 0
1094 0.006915
1095 0
1096 0
1098 0
1100 0
1101 0
1102 0
1103 0
1104 0
1106 0
1107 0
1109 0
1113 0
1115 0
1118 0
1120 0
1121 0
1123 0
1125 0.046255
1134 0
1139 0
49 0
52 0
1141 0.00062
1142 0
1146 0
1148 0
1150 0.044858
1154 0
1157 0
1159 0
1160 0
1239 0
1163 0
1164 0
1165 0
1168 0.013441
1170 0
1171 0
1176 0.000969
1187 0
73 0
84 0.196781
89 0
1189 0.001696
1190 0.11027
1192 0
1195 0
1197 0
99 0
1198 0
1205 0
1206 0
1207 0
1209 0
1210 0
1211 0.002858
1212 0
1213 0.038874
1232 0
1223 0.000112
131 0
160 0
164 0
167 0
176 0
186 0
194 0
198 0
199 0
209 0
221 0
250 0.001303
260 0
267 0.002707
279 0
285 0.003022
293 0
296 0
297 0
329 0
331 0.060374
332 0
334 0
339 0.006556
343 0
345 0
1224 0
349 0.00329
350 0.021934
355 0
356 0
357 0
358 0
359 0
360 0
367 0.042605
374 0
375 0
377 0
382 0
385 0
388 0
389 0
390 0
391 0
394 0
395 0.13376
396 0
397 0
399 0
400 0.003517
403 0
406 0
408 0.009729
411 0
413 0.01797
418 0
419 0
422 0
423 0
426 0
427 0.029488
428 0
430 0
432 0
433 0
434 0
435 0
436 0
438 0.055188
443 0
444 0
446 0
448 0
451 0
452 0
453 0
456 0
458 0
459 0.024203
461 0
464 0
466 0
469 0
471 0
480 0
483 0
485 0
489 0
499 0.008823
1218 0.025141
501 0
503 0
505 0
507 0
508 0
510 0
512 0
513 0.005057
514 0
516 0
521 0.001405
524 0
530 0
533 0
537 0
538 0
540 0
543 0
544 0
545 0
548 0.05309
549 0.037623
550 0
551 0
554 0
555 0
556 0.02082
557 0
558 0.000142
560 0.000803
564 0
570 0
571 0
574 0
575 0.027983
576 0
577 0
1233 0
581 0
583 0
1230 0
584 0
588 0
590 0
592 0
594 0
602 0
610 0
611 0.015761
612 0
614 0
616 0
621 0
629 0
632 0
642 0
643 0
647 0.082948
649 0
652 0
654 0
657 0
658 0.004094
660 0
662 0
668 0
674 0
675 0.023601
677 0
678 0
679 0.00402
681 0
682 0.016219
685 0
687 0
688 0
690 0
695 0
700 0
702 0
703 0
706 0
707 0.00281
708 0
710 0.00567
712 0
714 0
715 0
716 0.00302
720 0
723 0.011323
724 0
725 0
727 0
728 0
729 0.171716
731 0
732 0
733 0
742 0
744 0
745 0.009794
751 0.003762
752 0
753 0
754 0
755 0
756 0.048644
759 0
761 0
765 0
769 0
770 0
771 0
772 0.062877
774 0
775 0
777 0
778 0
779 0.00572
783 0
786 0
787 0
788 0
789 0
790 0
791 0
793 0
795 0
796 0
797 0
798 0
800 0
802 0
803 0
807 0
808 0
811 0
813 0
814 0
816 0
817 0.001598
818 0
821 0
822 0
825 0
827 0.109168
828 0
829 0.052976
831 0
841 0
844 0.025131
849 0
851 0
852 0.024972
854 0
885 0
894 0
906 0
907 0
909 0
