108 0.003801
110 0.00256
1268 0
1259 0
1250 0.000791
112 0
113 0
120 0.002731
1271 0.004104
122 0.002594
124 0.001804
1244 0
126 0.000724
127 0.002228
128 0.007146
1263 0.009881
132 0
134 0.000414
140 0.000561
141 0.011822
145 0.002578
147 0
148 0.004573
149 0
150 0.002253
151 0.001322
152 0.003203
154 0.002415
158 0.005046
168 0.003463
169 0.001841
171 0.004416
1288 0.003094
174 0.018411
175 0.001392
177 0.028966
178 0.002495
1302 0.007609
179 0.00247
181 0.002066
182 0.006819
1265 0.001929
184 0.006282
185 0.00137
188 0.007246
189 0.004687
191 0.005834
192 0.001353
195 0.004069
197 0.001444
1282 0.0086
1292 0.004985
204 0.004401
205 0.005029
212 0.003918
214 0.004106
215 0.010972
216 0.010489
217 0.004596
223 0.007034
225 0.003425
227 0.002949
229 0.006909
234 0.003321
236 0.003447
237 0.001974
238 0.002221
239 0.001028
241 0.005295
242 0.001776
243 0.005948
245 0.012941
246 0.002601
251 0.002052
252 0.00296
253 0.003678
262 0.002863
266 0.002347
271 0.002679
274 0.000141
275 0.001743
276 0.003176
280 0.002577
283 0.00162
284 0.002285
287 0.001236
289 0.004928
290 0.00064
291 0.004868
1226 0.004585
295 0.001591
298 0.002922
299 0.004104
301 0.007095
302 0.00159
1227 0.004376
304 0.006697
305 3e-04
307 0.002743
315 0.006202
317 0.003503
1228 0.004459
324 0.003401
326 0.003488
328 0.003856
915 0.004763
916 0.005957
917 0.007985
918 0.005127
919 0.014675
920 0.003979
922 0.000461
924 0.00183
927 0.010116
928 0.004158
929 0.003962
931 0.003406
932 0.001669
934 0.002059
937 9.3e-05
938 0.005141
942 0.009452
3 0.01051
947 0.001023
948 0.000304
949 0.002294
950 0.007258
952 0.004959
953 0.010332
954 0.015104
956 0.014409
958 0.00517
959 0.008167
960 0.001392
962 0.059115
965 0.002829
966 0.040752
967 0.003724
968 0.002739
971 0.00578
972 0.003359
977 0.007777
978 0.002038
979 0.013549
980 0.015617
981 0.009171
7 0.002546
983 0.018475
985 0.00515
986 0.005377
987 0.013928
988 0.000145
989 0.009008
991 0.000988
994 0.000831
998 0.006409
1000 0.000955
1002 0.00347
1003 0.004008
1004 0.003409
1008 0.006679
1009 0.002669
1011 0.002605
1017 0.001887
1023 0.008179
1025 0.002013
1026 0.003459
1030 0.0035
1032 0.00215
1033 0.008402
1034 0.023536
1035 0.005169
1036 0.002869
1037 0.002731
1042 0.003849
1043 0.002137
1046 0
1048 0.00208
1051 0.00685
1052 0.011546
1053 0.001536
1056 0.005067
1057 0.003072
1060 0.014889
1062 0.014642
1063 0.005277
1068 0.000438
1069 0.008969
1070 0.002947
1071 0.001417
1074 0.001642
1077 0.006636
1078 0.003079
1079 0.004617
1080 0.003053
39 0.00306
1082 0
1083 0.010155
1085 0.017465
1086 0.007229
1090 0.003861
1093 0.015771
1094 0.001411
1095 0.001199
1096 0.005103
1098 0.001433
1100 0.008571
1101 0.010803
1102 0.016116
1103 0.011029
1104 0.001521
1106 0.005794
1107 0.003382
1109 0.004122
1113 0.001691
1115 0.012606
1118 0.001838
1120 0.001967
1121 0.001914
1123 0.003883
1125 0.000286
1134 0.003793
1139 0.001414
49 0.012656
52 0.006481
1141 0.002051
1142 0.007205
1146 0.003389
1148 0.004206
1150 0
1154 0.006529
1157 0.011696
1159 0
1160 0.0045
1239 0.001682
1163 0.000817
1164 0.001313
1165 0.002605
1168 0.006882
1170 0.002567
1171 0.001834
1176 0
1187 0.004416
73 0.005959
84 0.01462
89 0.007219
1189 0.000977
1190 0.004643
1192 0.009902
1195 0.006748
1197 0.00249
99 0.004445
1198 0
1205 0.004352
1206 0.006306
1207 0.002535
1209 0.000756
1210 0.002432
1211 0
1212 0.002232
1213 0.001968
1232 0.010155
1223 0.004166
131 0
160 0.009472
164 0.000446
167 0.012658
176 0.003396
186 0.006568
194 0.003416
198 0.001337
199 0
209 0.001876
221 0.003874
250 0.005719
260 0
267 0.004039
279 0.007242
285 0
293 0.027163
296 0.006494
297 0.006374
329 0.00245
331 0.012367
332 0.004748
334 0.001773
339 0.023028
343 0.002969
345 0.004537
1224 0.005141
349 0.008415
350 0.04136
355 0.001946
356 0.018913
357 0.003217
358 0.006822
359 0.008684
360 0.016519
367 0.004158
374 0.007296
375 0.000535
377 0.002608
382 0
385 0.00037
388 0.003422
389 0.008238
390 0
391 0.004306
394 0.001545
395 0.060171
396 0.003386
397 0.012451
399 0.003391
400 0.002236
403 0.022285
406 0.00314
408 0.006897
411 0.006786
413 0.004009
418 0.0039
419 0.006812
422 0.004691
423 0.001012
426 0.005558
427 0.001522
428 0.004639
430 0.001924
432 0.005194
433 0.003629
434 0.006593
435 0.000422
436 0.002357
438 0.002098
443 0.011831
444 0.001301
446 0.003197
448 0.003371
451 0.003339
452 0.001577
453 0.003575
456 0.001226
458 0.008079
459 0
461 0.004306
464 0.024474
466 0.002233
469 0.004498
471 0.000571
480 0.001062
483 0.006017
485 0.002853
489 0.006427
499 0.007151
1218 0.02132
501 0.003368
503 0.003555
505 0
507 0.011449
508 0.003033
510 0.006338
512 0.01256
513 0.0099
514 0.006784
516 0.002379
521 0.017985
524 0.002592
530 0.003125
533 0.010872
537 0.001401
538 0.00878
540 0.002854
543 0.014715
544 0.003569
545 0.005677
548 0.003072
549 0.002159
550 0.002118
551 0.00529
554 0.008796
555 0.004217
556 0.002236
557 0.002703
558 0.028698
560 0.004802
564 0.043936
570 0.003301
571 0
574 0.002848
575 0
576 0.003382
577 0.003964
1233 0.001974
581 0.012437
583 0.00248
1230 0.005324
584 0.009178
588 0.001354
590 0.012561
592 0.001753
594 0.01079
602 0.004473
610 0.002662
611 0.003837
612 0.005044
614 0.027074
616 0.001482
621 0.000271
629 0.008696
632 0.003357
642 0.003599
643 0.003919
647 0.000478
649 0.002688
652 0.006083
654 0.004493
657 0.00154
658 0.00738
660 0.001941
662 0.002296
668 0.003203
674 0.002352
675 0.00451
677 0.003117
678 0.016265
679 0.005473
681 0.003461
682 0.001378
685 0.0058
687 0.0033
688 0.002881
690 0.001979
695 0.005618
700 0.00567
702 0.005901
703 0.004356
706 0.004282
707 0.010209
708 0.004189
710 0
712 0
714 0.003485
715 0.001948
716 0.006973
720 0.003725
723 0.000671
724 0.002675
725 0.001142
727 0.002891
728 0.004542
729 0.002731
731 0.002627
732 0.005158
733 0.003488
742 0.004207
744 0.001272
745 0.003679
751 0.00614
752 0.008369
753 0.00367
754 0.002595
755 0.008934
756 0.009624
759 0.003291
761 0.000847
765 0.006682
769 0.004338
770 0.000903
771 0.001875
772 0.002662
774 0.002602
775 0.005774
777 0.0025
778 0.002006
779 0.001082
783 0.006739
786 0.003055
787 0.002612
788 0.002166
789 0.012639
790 0.002198
791 0.002553
793 0.008078
795 0.002872
796 0.001834
797 0.005196
798 0.003506
800 0.002857
802 0.001771
803 0.004628
807 0.001449
808 0.002198
811 0.009811
813 0.001973
814 0.003721
816 0.000684
817 0.006492
818 0
821 0.001933
822 0.010823
825 0.005729
827 0.003415
828 0.007112
829 0.008157
831 0.004209
841 0.007742
844 0.00993
849 0.003504
851 0.006962
852 0.003256
854 0.001617
885 0.005427
894 0.004423
906 0.010513
907 0.004431
909 0.002369
