108 0.378985
110 0.474972
1268 0.409264
1259 0.562534
1250 0.381157
112 0.644316
113 0.440962
120 0.527922
1271 0.260022
122 0.533589
124 0.372654
1244 0.610559
126 0.588658
127 0.436028
128 0.534256
1263 0.439129
132 0.34938
134 0.354524
140 0.497626
141 0.692602
145 0.298058
147 0.358014
148 0.319605
149 0.5039
150 0.342924
151 0.622406
152 0.325635
154 0.316609
158 0.464859
168 0.297459
169 0.387936
171 0.284653
1288 0.626058
174 0
175 0.389379
177 0
178 0.258565
1302 0.266564
179 0.435835
181 0.49418
182 0.475649
1265 0.310352
184 0.245686
185 0.283425
188 0.330059
189 0.208462
191 0.403859
192 0.410376
195 0.25494
197 0.336009
1282 0.438915
1292 0.4122
204 0.448166
205 0.367811
212 0.558665
214 0.173547
215 0.4093
216 0.274569
217 0.735388
223 0.273743
225 0.432972
227 0.194979
229 0.280889
234 0.216654
236 0.14655
237 0.430391
238 0.289456
239 0.427138
241 0.414944
242 0.266958
243 0.216543
245 0.241734
246 0.461476
251 0.237268
252 0.2579
253 0.470078
262 0.490897
266 0.38511
271 0.594711
274 0.375756
275 0.183398
276 0.267653
280 0.282227
283 0.397517
284 0.741865
287 0.403626
289 0.2341
290 0.552831
291 0.223459
1226 0.392234
295 0.271654
298 0.484195
299 0.339205
301 0.394682
302 0.21311
1227 0.315139
304 0.450773
305 0.524889
307 0.598797
315 0.360307
317 0.433319
1228 0.335452
324 0.399449
326 0.401479
328 0.808578
915 0.420076
916 0.346819
917 0.196099
918 0.165204
919 0.190767
920 0.375005
922 0.649766
924 0.261383
927 0.149326
928 0.249201
929 0.247368
931 0.248869
932 0.248643
934 0.66721
937 0.160032
938 0.330066
942 0.261893
3 0.132882
947 0.31391
948 0.410872
949 0.327414
950 0.599682
952 0.199761
953 0.460565
954 0.15653
956 0.39489
958 0.314283
959 0.282117
960 0.419424
962 0.61063
965 0.435376
966 0.48664
967 0.62098
968 0.44396
971 0.303253
972 0.504888
977 0.458594
978 0.254129
979 0.255612
980 0.599546
981 0
7 0.127892
983 0.133205
985 0.212192
986 0.191095
987 0.309751
988 0.550186
989 0.359516
991 0.686579
994 0.361066
998 0.676097
1000 0.208197
1002 0.350767
1003 0.274226
1004 0.21506
1008 0.290997
1009 0.290254
1011 0.441052
1017 0.712609
1023 0.437698
1025 0.238264
1026 0.357312
1030 0.255402
1032 0.261759
1033 0.225275
1034 0.258694
1035 0.158448
1036 0.376364
1037 0.229324
1042 0.172129
1043 0.255121
1046 0.429336
1048 0.293908
1051 0.172763
1052 0.297947
1053 0.39231
1056 0.402834
1057 0.318512
1060 0.484614
1062 0.391566
1063 0.246233
1068 0.430218
1069 0.225028
1070 0.240625
1071 0.32432
1074 0.287863
1077 0.381665
1078 0.320598
1079 0.39399
1080 0.247882
39 0.155229
1082 0.541811
1083 0.241688
1085 0.224462
1086 0.281544
1090 0.449264
1093 0.338282
1094 0.320488
1095 0.125811
1096 0.220161
1098 0.159794
1100 0.18353
1101 0.472128
1102 0.276006
1103 0.282271
1104 0.193075
1106 0.133168
1107 0.413908
1109 0.403188
1113 0.576706
1115 0.473558
1118 0.714875
1120 0.399482
1121 0.408282
1123 0.467586
1125 0.463888
1134 0.730978
1139 0.524838
49 0.198166
52 0.175768
1141 0.484546
1142 0.164205
1146 0.542821
1148 0.359838
1150 0.510894
1154 0.318234
1157 0.213658
1159 0.186349
1160 0.277703
1239 0.385038
1163 0.263458
1164 0.39665
1165 0.540828
1168 0.551586
1170 0.338823
1171 0.152172
1176 0.542234
1187 0.480187
73 0.082665
84 0.391093
89 0.242691
1189 0.230495
1190 0.350535
1192 0.179292
1195 0.200023
1197 0.29615
99 0.390706
1198 0.299282
1205 0.150599
1206 0.578251
1207 0.571457
1209 0.234027
1210 0.265111
1211 0.344865
1212 0.328204
1213 0.440338
1232 0.414509
1223 0.28737
131 0.083308
160 0.210686
164 0.260968
167 0.196829
176 0.163709
186 0.29687
194 0.261783
198 0.591811
199 0.22991
209 0.146691
221 0.249176
250 0.306155
260 0.180905
267 0.196988
279 0.223129
285 0.373601
293 0.213984
296 0.13431
297 0.304722
329 0.204249
331 0.56398
332 0.413077
334 0.212219
339 0.372508
343 0.256368
345 0.324514
1224 0.206901
349 0.459491
350 0.361517
355 0.617421
356 0.380442
357 0.246161
358 0.141549
359 0.2566
360 0.338889
367 0.685081
374 0.257216
375 0.476023
377 0.410611
382 0.275892
385 0.277682
388 0.568378
389 0.313272
390 0.196412
391 0.156433
394 0.289099
395 0.656369
396 0.337013
397 0.466929
399 0.130546
400 0.168919
403 0.199074
406 0.099601
408 0.62765
411 0.446958
413 0.18369
418 0.143202
419 0.247091
422 0.407057
423 0.06475
426 0.232662
427 0.337098
428 0.193018
430 0.579078
432 0.225849
433 0.255475
434 0.163823
435 0.105453
436 0.19301
438 0.436176
443 0.392102
444 0.539407
446 0.143192
448 0.330142
451 0.335168
452 0.255093
453 0.357089
456 0.353265
458 0.477387
459 0.301974
461 0.499566
464 0.322384
466 0.488725
469 0.214875
471 0.126359
480 0.283216
483 0.274884
485 0.45356
489 0.417475
499 0.267279
1218 0.607004
501 0.287318
503 0.16439
505 0.518698
507 0.39832
508 0.310304
510 0.504698
512 0.278787
513 0.511869
514 0.297368
516 0.175008
521 0.224485
524 0.325765
530 0.560322
533 0.384647
537 0.154238
538 0.250729
540 0.42955
543 0.169424
544 0.155885
545 0.231426
548 0.141589
549 0.454667
550 0.269678
551 0.315395
554 0.263513
555 0.110073
556 0.404718
557 0.117025
558 0.534926
560 0.6749
564 0
570 0.238484
571 0.250579
574 0.18711
575 0.331116
576 0.148887
577 0.567994
1233 0.252493
581 0.380626
583 0.212191
1230 0.206211
584 0.460026
588 0.323141
590 0.212427
592 0.263326
594 0.293021
602 0.17674
610 0.19814
611 0.464152
612 0.275778
614 0.48552
616 0.350722
621 0.30312
629 0.187822
632 0.204798
642 0.284982
643 0.455897
647 0.522221
649 0.35792
652 0.25111
654 0.210504
657 0.371064
658 0.425146
660 0.46492
662 0.437368
668 0.497345
674 0.434149
675 0.558779
677 0.435738
678 0.437778
679 0.68564
681 0.482696
682 0.563726
685 0.46402
687 0.29676
688 0.365155
690 0.467822
695 0.376934
700 0.258431
702 0.271985
703 0.324654
706 0.423238
707 0.267578
708 0.160919
710 0.160697
712 0.281649
714 0.306435
715 0.411664
716 0.111458
720 0.290687
723 0.394028
724 0.09225
725 0.21472
727 0.250749
728 0.346847
729 0.366401
731 0.453814
732 0.245269
733 0.340682
742 0.404152
744 0.347191
745 0.293649
751 0.481121
752 0.304922
753 0.283568
754 0.177424
755 0.2017
756 0.710956
759 0.502243
761 0.237599
765 0.404227
769 0.548013
770 0.093803
771 0.477049
772 0.58912
774 0.425909
775 0.35172
777 0.202126
778 0.388397
779 0.420491
783 0.168626
786 0.211029
787 0.315921
788 0.283854
789 0.243915
790 0.293387
791 0.294382
793 0.275656
795 0.241404
796 0.349478
797 0.424129
798 0.279718
800 0.43827
802 0.262265
803 0.307132
807 0.241967
808 0.351951
811 0.397662
813 0.279463
814 0.23877
816 0.07867
817 0.206835
818 0
821 0.34573
822 0.345095
825 0.265297
827 0.505519
828 0.40908
829 0.475426
831 0.274774
841 0.154106
844 0.374347
849 0.331954
851 0.331741
852 0.722727
854 0.352311
885 0.299331
894 0.305946
906 0.342245
907 0.354262
909 0.240226
