108 0
110 0
1268 0
1259 0
1250 0
112 0
113 0
120 0
1271 0
122 0
124 0
1244 0
126 0
127 0
128 0
1263 0
132 0
134 0
140 0
141 1
145 0
147 0
148 0
149 0
150 0.11652
151 0
152 0
154 0
158 1
168 0
169 0.039132
171 0
1288 0
174 0.409697
175 0
177 0
178 0
1302 0
179 0
181 0
182 0
1265 0
184 0
185 0
188 0
189 0
191 0
192 0
195 0
197 0
1282 0.014004
1292 0
204 0
205 1
212 0.04097
214 0
215 0
216 0
217 1
223 1
225 1
227 1
229 0.577426
234 0
236 0
237 0
238 0
239 0
241 0
242 0
243 0
245 0
246 0.421894
251 0
252 0
253 0
262 0.029935
266 0
271 0.010662
274 0.017118
275 0
276 0
280 0
283 0
284 0.014479
287 0
289 0.026519
290 0
291 0.019839
1226 0.02995
295 0.066168
298 0.050598
299 0
301 0.070273
302 0.061084
1227 0.151697
304 0.108603
305 0
307 0
315 0.159367
317 0.132938
1228 0.044651
324 0
326 0
328 0
915 0.066739
916 0
917 0
918 0
919 0
920 0
922 0
924 0
927 0
928 0
929 0
931 0
932 0
934 0
937 0
938 0
942 0
3 0
947 0
948 0
949 0
950 0
952 0
953 0
954 0
956 0
958 0
959 0
960 0
962 0
965 0
966 0
967 0
968 0
971 0
972 0
977 0
978 0
979 0
980 0
981 0
7 0
983 0
985 0
986 0
987 0
988 0
989 0
991 0
994 0
998 0
1000 0
1002 0
1003 0
1004 0
1008 0
1009 0
1011 0
1017 0
1023 0
1025 0
1026 0
1030 0
1032 0
1033 0
1034 0
1035 0
1036 0
1037 0
1042 0
1043 0
1046 0
1048 0
1051 0
1052 0
1053 0
1056 0
1057 0
1060 0
1062 0
1063 0
1068 0
1069 0
1070 0
1071 0
1074 0
1077 0
1078 0
1079 0
1080 0
39 0
1082 0
1083 0
1085 0
1086 0
1090 0
1093 0
1094 0
1095 0
1096 0
1098 0
1100 0
1101 0
1102 0
1103 0
1104 0
1106 0
1107 0
1109 0
1113 0.091006
1115 0
1118 0
1120 0
1121 0
1123 0
1125 0
1134 0
1139 0
49 0
52 0
1141 0
1142 0
1146 0
1148 0
1150 0
1154 0
1157 0
1159 0
1160 0
1239 0
1163 0
1164 0
1165 0
1168 0.016443
1170 0
1171 0
1176 0
1187 0
73 0
84 0
89 0
1189 0
1190 0
1192 0
1195 1
1197 0
99 0
1198 0
1205 0
1206 0.112341
1207 0.218729
1209 0
1210 0.102508
1211 0.121627
1212 0
1213 0
1232 0.089078
1223 0
131 0
160 0
164 0
167 0
176 0
186 0
194 0
198 0
199 0
209 0
221 0
250 0
260 0
267 0
279 0
285 0
293 0
296 0
297 0
329 0
331 0
332 0
334 0
339 0
343 0
345 0
1224 0
349 0
350 0.094043
355 0
356 0
357 0
358 0
359 0
360 0
367 0
374 0
375 0
377 0
382 0
385 0
388 0
389 0
390 0
391 0
394 0.046477
395 0
396 0
397 0
399 0
400 0
403 0
406 0
408 0
411 0
413 0
418 0
419 0
422 0.18503
423 0
426 0
427 0
428 0
430 0.147993
432 0
433 0
434 0
435 0
436 0
438 0
443 0
444 0
446 0
448 0
451 0
452 0
453 0
456 0
458 0
459 0
461 0
464 0
466 0
469 0
471 0
480 0
483 0
485 0
489 0
499 0
1218 0
501 0
503 0
505 0
507 0
508 0
510 0
512 0
513 0
514 0
516 0
521 0
524 0
530 0
533 0
537 0
538 0
540 0
543 0
544 0
545 0
548 0
549 0
550 0
551 0
554 0
555 0
556 0
557 0
558 0
560 0.005915
564 0
570 0
571 0
574 0
575 0
576 0
577 0
1233 0
581 0
583 0
1230 0
584 0
588 0
590 0
592 0.054207
594 0
602 0
610 0
611 0
612 0.037527
614 0
616 0
621 0.061555
629 0
632 0
642 0
643 0
647 0.003906
649 0
652 0
654 0
657 0
658 0
660 0
662 0
668 0
674 0
675 0
677 0
678 0
679 0
681 0
682 0
685 0
687 0
688 0
690 0
695 0
700 0
702 0
703 0
706 0
707 0
708 0.278847
710 0
712 0
714 0
715 0
716 0
720 0
723 0
724 0
725 0
727 0
728 0
729 0.322677
731 0
732 0
733 0.026679
742 0
744 1
745 0
751 0
752 0
753 0.159187
754 0
755 0
756 0.200892
759 0
761 0
765 0
769 0.296461
770 0
771 0.083665
772 0.027321
774 0
775 0
777 0
778 0
779 0
783 0
786 0
787 0
788 0
789 0
790 0
791 0
793 0
795 0
796 0
797 0
798 0
800 0
802 0
803 0
807 0
808 0
811 0
813 0
814 0
816 0
817 0
818 0
821 0
822 0
825 0.339417
827 0.04308
828 0.119566
829 0.00163
831 0.310817
841 0.064239
844 0
849 0.051189
851 0
852 0
854 0.158213
885 0
894 0
906 0
907 0
909 0
