108 0.012046
110 0.040416
1268 0.098
1259 0
1250 0
112 0
113 0.002195
120 0.040618
1271 0.014868
122 0.018607
124 0.003554
1244 0.001226
126 0
127 0.087986
128 0
1263 0.021701
132 0.001683
134 0.132082
140 0.208669
141 0.162592
145 0.001506
147 0.009269
148 0.464941
149 0.016581
150 0.024756
151 0.00018
152 0.293128
154 0.003579
158 0
168 0.005523
169 0.342827
171 0.003854
1288 0.009232
174 0.151035
175 0
177 0.005574
178 0.067683
1302 0.015212
179 0.028476
181 0.001745
182 0.015855
1265 0.003617
184 0.050753
185 0.162823
188 0.208902
189 0.013074
191 0.020159
192 0.001329
195 0.232898
197 0.137458
1282 0.004765
1292 0.029463
204 0.015852
205 0.000321
212 0
214 0.002027
215 0
216 0.141429
217 0.002363
223 0.007303
225 0.001742
227 0.013338
229 0.011811
234 0.003135
236 0.002729
237 0.078916
238 0.001707
239 0.013742
241 0.000746
242 0.001432
243 0.003166
245 0
246 0.000372
251 0
252 0.002549
253 0
262 0.010663
266 0.01095
271 0.034004
274 0.025832
275 0.056928
276 0.191284
280 0
283 0
284 0
287 0.027526
289 0.004368
290 0.023062
291 0.038182
1226 0
295 0
298 0.003837
299 0.042467
301 0.033714
302 0.030687
1227 0.025828
304 0.001618
305 0
307 0
315 0.022891
317 0.009424
1228 0.093353
324 0.003638
326 0.021055
328 0
915 0.00476
916 0.016388
917 0
918 0.040572
919 0.032871
920 0.320696
922 0
924 0.24627
927 0.192362
928 0.001132
929 0.051147
931 0.005827
932 0.001238
934 0.252774
937 0.015982
938 0.008631
942 0.032978
3 0.003381
947 0.003483
948 0.006443
949 0.063885
950 0.017707
952 0.004694
953 0.045795
954 0.008602
956 0.044341
958 0.013447
959 0.001272
960 0.007404
962 0.195617
965 0.001365
966 0.042797
967 0.077146
968 0.053109
971 0.307167
972 0.007351
977 0.190944
978 0.0065
979 0.011084
980 0.003193
981 0.005139
7 0.002372
983 0
985 0.011339
986 0.024832
987 0.017339
988 0.003579
989 0.007149
991 0.016347
994 0
998 0.007275
1000 0.067348
1002 0.001478
1003 0.002123
1004 0.008371
1008 0
1009 0.013826
1011 0.01634
1017 0.054683
1023 0.012009
1025 0.206487
1026 0.030637
1030 0.012172
1032 0
1033 0.00753
1034 0.00583
1035 0
1036 0.015382
1037 0.003049
1042 0.004475
1043 0.000673
1046 0.018676
1048 0.004525
1051 0
1052 0.128178
1053 0.039372
1056 0.196603
1057 0.053833
1060 0
1062 0.057856
1063 0.095917
1068 0.204011
1069 0.034373
1070 0.016855
1071 0.035528
1074 0.005267
1077 0.051849
1078 0.008028
1079 0.152837
1080 0.006571
39 0.01507
1082 0.031515
1083 0.012398
1085 0.002116
1086 0.686173
1090 0.047908
1093 0.017896
1094 0.003247
1095 0.041876
1096 0.148303
1098 0.006404
1100 0.021181
1101 0.016035
1102 0
1103 0.319654
1104 0
1106 0.008698
1107 0.00443
1109 0.012201
1113 0.010822
1115 0.006015
1118 0.08371
1120 0.035836
1121 0.112462
1123 0.007773
1125 0.019443
1134 0.023518
1139 0.024179
49 0.008852
52 0.000677
1141 0.053075
1142 0.003645
1146 0.177403
1148 0.201784
1150 0.036333
1154 0.134811
1157 0.059297
1159 0.008259
1160 0.018321
1239 0.090683
1163 0.055734
1164 0.009965
1165 0.010161
1168 0.024154
1170 0.006921
1171 0.091096
1176 0.003887
1187 0.033724
73 0.102077
84 0.001863
89 0
1189 0.025585
1190 0.001045
1192 0.009114
1195 0.002424
1197 0.169591
99 0.004326
1198 0.013374
1205 0.168655
1206 0.01018
1207 0.176146
1209 0.007508
1210 0.063469
1211 0.052439
1212 0.257735
1213 0.00524
1232 0.007441
1223 0.001208
131 0
160 0.002272
164 0.001479
167 0
176 0.007301
186 0.242549
194 0.150965
198 0.040418
199 0.029924
209 0.0019
221 0.012433
250 0.004014
260 0.001943
267 0.001227
279 0.103892
285 0.012494
293 0
296 0.149802
297 0.048026
329 0.241284
331 0.000418
332 0.023377
334 0.025857
339 0.0018
343 0.002567
345 0.005152
1224 0
349 0.128873
350 0.08506
355 0.405604
356 0.120829
357 0.006381
358 0.00981
359 0.162119
360 0.026515
367 0
374 0.000451
375 0.078071
377 0.168712
382 0
385 0.265163
388 0.00385
389 0
390 0.00452
391 0.015142
394 0.029386
395 0
396 0.002065
397 0.179498
399 0.403587
400 0.009933
403 0
406 0
408 0.039836
411 0.104572
413 0.002935
418 0
419 0.209903
422 0.080164
423 0
426 0.072364
427 0.038009
428 0.001588
430 0.026794
432 0.028255
433 0.004703
434 0.004808
435 0.110221
436 0.072713
438 0.005906
443 0.001562
444 0.069318
446 0.024007
448 0.00213
451 0.290285
452 0.432833
453 0.387827
456 0.011046
458 0.001907
459 0.001225
461 0
464 0.009224
466 0.007339
469 0.431952
471 0.007635
480 0.014973
483 0.014678
485 0.160581
489 0
499 0.001909
1218 0.038678
501 0.023035
503 0.017288
505 0.005576
507 0.006683
508 0.0399
510 0.023949
512 0.127493
513 0
514 0.001862
516 0.140926
521 0.003136
524 0.007885
530 0.150658
533 0.356225
537 0.15849
538 0.036729
540 0.000155
543 0.012038
544 0
545 0.032233
548 0.010382
549 0.002427
550 0.013515
551 0.01806
554 0.009181
555 0.001727
556 0.00609
557 0.067326
558 0.00427
560 0.0019
564 0
570 0.003085
571 0.001452
574 0.015045
575 0.041211
576 0.006719
577 0.051283
1233 0.008793
581 0.001123
583 0.495719
1230 0.479708
584 0
588 0
590 0.007834
592 0.291578
594 0.216504
602 0.27181
610 0.199216
611 0.186503
612 0.390058
614 0.228559
616 0.004994
621 0.096653
629 0.079369
632 0.169924
642 0.002473
643 0.009378
647 0.006195
649 0.03374
652 0.203909
654 0.001351
657 0.261699
658 0.002804
660 0.004084
662 0
668 0.008417
674 0.059108
675 0.006823
677 0.114487
678 0.041732
679 0.021927
681 0.284551
682 0.000766
685 0.000407
687 0.047319
688 0.41623
690 0.032507
695 0.011111
700 0.018447
702 0.15856
703 0.016108
706 0.000384
707 0.001003
708 0.001469
710 0.000425
712 0.00292
714 0.003924
715 0.005539
716 0.053662
720 0.01015
723 0.020931
724 0.190059
725 0.012071
727 0
728 0.071396
729 0.013317
731 0.110774
732 0.073929
733 0.127106
742 0.00534
744 0.206529
745 0.00149
751 0.010203
752 0.133433
753 0.035606
754 0.011492
755 0.002656
756 0.035563
759 0.166541
761 0.019051
765 0.029644
769 0.003692
770 0.194745
771 0.021623
772 0
774 0.007352
775 0.138574
777 0.009912
778 0.087511
779 0
783 0.006322
786 0.013419
787 0.002832
788 0.005183
789 0.029658
790 0.256505
791 0.004851
793 0.043112
795 0.001935
796 0.001288
797 0.00153
798 0
800 0.036638
802 0.01186
803 0.016732
807 0.020231
808 0.005423
811 0.032419
813 0
814 0.021322
816 0.006546
817 0.003243
818 0.004103
821 0.01808
822 0.21579
825 0.006157
827 0
828 0.011234
829 0.000415
831 0
841 0.001976
844 0.012075
849 0.002019
851 0.097245
852 0.009682
854 0.024639
885 0.035343
894 0.125802
906 0.108058
907 0.04747
909 0.025531
