108 0.00485
110 0.011549
1268 0.008549
1259 0.003417
1250 0.00031
112 0.004819
113 0.001869
120 0.003816
1271 0.005559
122 0.00631
124 0.002168
1244 0.000534
126 0.000201
127 0.033705
128 0
1263 0.01069
132 0.000731
134 0.00943
140 0.018042
141 0.033075
145 0
147 0.001568
148 0.010931
149 0.006219
150 0.006458
151 0
152 0.019934
154 0.000311
158 0.071702
168 0.001577
169 0.025821
171 0.001189
1288 0.015692
174 0.039969
175 0.003116
177 0.000804
178 0.013596
1302 0
179 0.018467
181 0.000564
182 0.002259
1265 0.001724
184 0.001888
185 0.135619
188 0.014823
189 0.000927
191 0.001986
192 0.000821
195 0.009058
197 0.050876
1282 0.000457
1292 0.016639
204 0.002648
205 0.000201
212 0.005701
214 0.000344
215 0.000177
216 0.009466
217 0.001234
223 0.000173
225 0.00012
227 0.00217
229 0.001979
234 0.001397
236 0
237 0.0217
238 0.001835
239 0.001208
241 0.000176
242 0.000341
243 0.000993
245 0.001282
246 7.86e-05
251 0.001346
252 0
253 0.000638
262 0.000548
266 0.004492
271 0.007251
274 0.003552
275 0.001628
276 0.011522
280 0.067129
283 0.003069
284 0.002944
287 0.003221
289 0.00041
290 0.003079
291 0.001836
1226 0.006007
295 0.002819
298 0.001143
299 0.003278
301 0.001398
302 0.005743
1227 0.003006
304 0.000325
305 0.001264
307 0.000651
315 0.001564
317 0.000694
1228 0
324 0
326 0.000699
328 0.002705
915 0.002202
916 0.001854
917 0
918 0
919 0
920 0.026655
922 0
924 0.003796
927 0
928 0.000154
929 0.006165
931 0
932 0.000163
934 0.022482
937 0.011071
938 0.000975
942 0.000979
3 0.000752
947 0
948 0.000133
949 0.00326
950 0.001889
952 0.000587
953 0.012064
954 0.001085
956 0.006866
958 0.00111
959 0
960 0.002325
962 0.035121
965 0.000407
966 0.001089
967 0.008352
968 0.004219
971 0.012227
972 0.001252
977 0.020677
978 0.004055
979 0.000326
980 0.00062
981 0.000413
7 0.000729
983 0
985 0.00071
986 0.001855
987 0.002371
988 0.002024
989 0
991 0.003891
994 0.05536
998 0.000966
1000 0.006453
1002 0.000212
1003 0.001075
1004 0.000732
1008 0.0312
1009 0.000592
1011 0.001701
1017 0.005141
1023 0.001154
1025 0.012865
1026 0.000774
1030 0.000519
1032 0.001141
1033 7.48e-05
1034 0
1035 0
1036 0.002446
1037 0.000574
1042 0.002658
1043 0.00081
1046 0.003926
1048 0.000686
1051 0
1052 0.002721
1053 0.006187
1056 0
1057 0.001396
1060 0
1062 0
1063 0
1068 0.053159
1069 0.0011
1070 0.005726
1071 0.007605
1074 0.002315
1077 0.00111
1078 0.001843
1079 0.029779
1080 0.001251
39 0.001678
1082 0.004743
1083 0
1085 0.000299
1086 0.038873
1090 0.00353
1093 0.00474
1094 0.000142
1095 0.002771
1096 0.010635
1098 0.000875
1100 0.001266
1101 0.08753
1102 0
1103 0.022127
1104 0.078679
1106 0.001639
1107 0
1109 0.002028
1113 0.018701
1115 0.001372
1118 0.009207
1120 0.001463
1121 0.011111
1123 0.001354
1125 0.004641
1134 0.008971
1139 0.010428
49 0.000522
52 0
1141 0.002863
1142 0.000542
1146 0.010532
1148 0.013847
1150 0.002228
1154 0.083103
1157 0.003945
1159 0.000798
1160 0.001315
1239 0.002592
1163 0.037496
1164 0.002054
1165 0.001927
1168 0.014986
1170 0.001735
1171 0.005991
1176 0.000666
1187 0.000941
73 0
84 0.000657
89 0
1189 0.002545
1190 0.000309
1192 0
1195 0.000951
1197 0.022849
99 0
1198 0.000592
1205 0.012146
1206 0.002916
1207 0.014642
1209 0.00386
1210 0.022796
1211 0.006215
1212 0.014507
1213 0.001041
1232 0.000607
1223 0.000124
131 0.018045
160 0.000574
164 0
167 0
176 0.000359
186 0
194 0.005478
198 0.000911
199 0.001074
209 0.000447
221 0.001803
250 0.000137
260 4.33e-05
267 0.000168
279 0
285 0.000451
293 0.002031
296 0.015579
297 0
329 0.009288
331 0.000293
332 0.002229
334 0.004489
339 2.94e-05
343 0.002855
345 0.00625
1224 0
349 0.017715
350 0.011413
355 0
356 0.030311
357 0.002049
358 0.000436
359 0.012694
360 0
367 0.004528
374 0.000954
375 0.008942
377 0
382 0.000242
385 0.018663
388 0.002916
389 0
390 0.000541
391 0.002676
394 0.02494
395 8.49e-05
396 0.001579
397 0.034291
399 0.086389
400 0.012654
403 0
406 0.004265
408 0.029285
411 0.013535
413 0.000837
418 0
419 0.023684
422 0.010454
423 0
426 0.023688
427 0.002237
428 0.000382
430 0.006203
432 0.05137
433 0.000188
434 0
435 0.010421
436 0
438 0.000823
443 0
444 0.00586
446 0.001626
448 0.001532
451 0.00644
452 0.03337
453 0.202563
456 0.001472
458 0.000301
459 0.000876
461 0.011964
464 0.004401
466 0.00201
469 0.029258
471 0.002675
480 0.001398
483 0.001051
485 0.017269
489 0
499 0.000108
1218 0.025544
501 0
503 0.001431
505 0.00101
507 0
508 0.001162
510 0.000699
512 0
513 4.88e-05
514 0
516 0.010528
521 0.001738
524 0
530 0
533 0.048988
537 0.005773
538 0.006517
540 0.000196
543 0.002454
544 0.00324
545 0.029387
548 0.001395
549 0.002252
550 0.023143
551 0.000985
554 0.000252
555 0.000104
556 0.00363
557 0
558 0.003281
560 0.000354
564 0.000187
570 0.001123
571 0.000365
574 0.001613
575 0.003071
576 0.00087
577 0.066025
1233 0.001169
581 7.85e-05
583 0.016691
1230 0.100067
584 0.001034
588 0.081177
590 0.000158
592 0.014105
594 0.019373
602 0.019596
610 0
611 0.011158
612 0.019925
614 0.023403
616 0.000573
621 0.006523
629 0.003823
632 0.001877
642 0.000603
643 0.000934
647 0.002742
649 0.003352
652 0.0079
654 0
657 0.025058
658 0.001242
660 0.000718
662 0.02904
668 0.001712
674 0
675 0.003695
677 0.015598
678 0.001676
679 0.005217
681 0.038592
682 0
685 9.24e-05
687 0.04254
688 0.069755
690 0.004354
695 0.000791
700 0.002457
702 0.04178
703 0.000968
706 7.26e-05
707 0.000402
708 0.000181
710 0.000102
712 0.00125
714 0.00088
715 0.001204
716 0.038966
720 0.00039
723 0.001524
724 0
725 0.004193
727 0.00191
728 0
729 0.003796
731 0.01537
732 0.002896
733 0.008308
742 0.000558
744 0.015393
745 0.000373
751 0.001157
752 0
753 0.004248
754 0.000857
755 0.000424
756 0.023156
759 0.023339
761 0.000184
765 5e-04
769 0.001878
770 0
771 0.002285
772 0.002303
774 0.000896
775 0.010441
777 0.001491
778 0.006661
779 0.001038
783 0.000602
786 0.000278
787 0
788 0
789 0.003586
790 0.020599
791 0.000492
793 0.020615
795 8.01e-05
796 1.72e-05
797 0.000228
798 0.161591
800 0.003288
802 0.001086
803 0.002365
807 0.002946
808 0.001866
811 0.002262
813 0
814 0.004218
816 0.000407
817 0
818 0.00063
821 0
822 0.014771
825 0.001177
827 0.000541
828 0.003888
829 3e-04
831 0.004937
841 0.001285
844 0.004276
849 0.001281
851 0.149173
852 0.00201
854 0.001082
885 0.002745
894 0.023232
906 0.064538
907 0.001105
909 0.001891
