108 0.050119
110 0.028828
1268 0.271333
1259 0.013155
1250 0.002444
112 0.008868
113 0.007625
120 0.087902
1271 0.070162
122 0.270877
124 0.00999
1244 0.002565
126 0
127 0.539833
128 0.376854
1263 0.074689
132 0.001867
134 0.415599
140 0.847429
141 0.48847
145 0.006018
147 0.039944
148 0
149 0.027348
150 0.055123
151 0
152 0.473177
154 0.014584
158 0.471637
168 0.052468
169 0.621657
171 0.003323
1288 0.114722
174 0.310451
175 0.062679
177 0.007229
178 0
1302 1
179 0.063573
181 0.000665
182 0.053734
1265 0.01886
184 0.415033
185 1
188 0.743962
189 0.030317
191 0.014786
192 0.001806
195 0.614976
197 0
1282 0.015095
1292 0.37309
204 0.060966
205 0.001343
212 0.029929
214 0.004603
215 0.001903
216 0.439762
217 0.012178
223 0.034979
225 0.016364
227 0.020691
229 0.037989
234 0.007282
236 0.057118
237 0
238 0.004519
239 0.032316
241 0.014974
242 0.010095
243 0
245 0.023852
246 0.005813
251 0.006521
252 0.001091
253 0.018847
262 0.01465
266 0.036762
271 0.045734
274 0.034385
275 0.080552
276 0.536525
280 0.687847
283 0.013889
284 0.044029
287 0.032624
289 0.013709
290 0.033594
291 0.145039
1226 0.261652
295 0.003162
298 0.015022
299 0.017519
301 0.023177
302 0.042063
1227 0.096245
304 0.002393
305 0.092997
307 0.019386
315 0.072421
317 0
1228 0.601261
324 0.005606
326 0.025625
328 0.028051
915 0.017741
916 0.030222
917 0.000628
918 0
919 0
920 0.504589
922 0
924 0.127103
927 0.753651
928 0.007134
929 0.230165
931 0.009579
932 0.017636
934 0.276035
937 0.069375
938 0.022535
942 0.288176
3 0.002381
947 0.008311
948 0.024858
949 0.229925
950 0.02231
952 0.004701
953 0
954 0.001786
956 0.242429
958 0.013824
959 0
960 0.013245
962 0.327872
965 0
966 0.024596
967 0.292771
968 0.071166
971 0.606368
972 0.024782
977 0.339613
978 0.032519
979 0.020772
980 0.013862
981 0.000466
7 0.006336
983 0
985 0.029015
986 0.044324
987 0.015208
988 0.011479
989 0.001464
991 0.07387
994 0.478523
998 0.035031
1000 0.042984
1002 0.01124
1003 0.001258
1004 0.022061
1008 0.532143
1009 0.016559
1011 0.022582
1017 0.030116
1023 0.014159
1025 0.469563
1026 0.215997
1030 0.013127
1032 0.090638
1033 0.017991
1034 0.009717
1035 0
1036 0.071398
1037 0.007088
1042 0.019013
1043 0.005638
1046 0.082755
1048 0.009665
1051 0
1052 0.279118
1053 0.128687
1056 0.725555
1057 0.253073
1060 0.022674
1062 0.252898
1063 0.046865
1068 0.502135
1069 0.019149
1070 0.017992
1071 0.174554
1074 0.028583
1077 0.035069
1078 0.014012
1079 0.630092
1080 0.013649
39 0.024189
1082 0.317569
1083 0.289626
1085 0.006717
1086 0.796116
1090 0.203926
1093 0.089567
1094 0.0359
1095 0.040465
1096 0.300921
1098 0.004704
1100 0.054867
1101 0.013624
1102 0.006455
1103 0.715284
1104 0
1106 0.009706
1107 0.003727
1109 0.013266
1113 0.004992
1115 0.020451
1118 0.047495
1120 0.027514
1121 0.212084
1123 0.21136
1125 0.075815
1134 0.015113
1139 0.307707
49 0.027185
52 0
1141 0.039144
1142 0.005794
1146 0.414907
1148 0.804984
1150 0.057614
1154 1
1157 0.751677
1159 0.0269
1160 0.023904
1239 0.419602
1163 0
1164 0.010421
1165 0.004387
1168 0.103679
1170 0.009422
1171 0.152918
1176 0.015337
1187 0.034249
73 0
84 0.008274
89 0
1189 0.03159
1190 0.002429
1192 0
1195 0.012996
1197 0.658242
99 0
1198 0.010679
1205 0.874756
1206 0.008181
1207 0.064773
1209 0.026623
1210 0.542775
1211 0.251427
1212 0.885585
1213 0.023066
1232 0.019581
1223 0.023423
131 0.249738
160 0.003322
164 0.000699
167 0
176 0.015247
186 0.279312
194 0
198 0.010588
199 0.055434
209 0.025817
221 0.042289
250 0.016478
260 0
267 0.003727
279 0
285 0.095468
293 0.001249
296 0.363571
297 0.270459
329 0.774323
331 0.001986
332 0.036826
334 0.031742
339 0.005921
343 0.005032
345 0
1224 0
349 0.413986
350 0.265322
355 0.852524
356 0.559539
357 0.011437
358 0.016003
359 0.591443
360 0
367 0.014952
374 0.005366
375 0.533147
377 0
382 0
385 0.530237
388 0.039319
389 0.60227
390 0.011403
391 0.004454
394 0
395 0.002761
396 0.011511
397 0.205712
399 0.599219
400 0.20669
403 0
406 0
408 0.259905
411 0.370267
413 0.006887
418 0
419 0.715027
422 0.083021
423 0
426 0.692914
427 0.097827
428 0.008198
430 0.018005
432 0.472994
433 0.008218
434 0
435 0.219769
436 0
438 0.009135
443 0.001225
444 0.342998
446 0.055882
448 0.005618
451 0.718887
452 0.672498
453 0.600862
456 0.017024
458 0.001787
459 0.002272
461 0.073155
464 0.009637
466 0.009231
469 0.457684
471 0.112902
480 0.167892
483 0.019663
485 0.548659
489 0.048359
499 0.004349
1218 0.376991
501 0.313945
503 0.058404
505 0.017035
507 0.00808
508 0.040059
510 0.00769
512 0
513 0.005485
514 0.002736
516 0.657872
521 0.013594
524 0.046776
530 0.177073
533 0.625463
537 0.672107
538 0.064467
540 0.002309
543 0.035715
544 0.020079
545 0.287583
548 0.017696
549 0.003888
550 0
551 0.127347
554 0.008829
555 0.013827
556 0.017883
557 0
558 0.020194
560 0.034505
564 0.023874
570 0.02771
571 0.024326
574 0.03335
575 0.178978
576 0.051773
577 0.379008
1233 0.011152
581 0.006242
583 0.389953
1230 0.843557
584 0.004063
588 0.072366
590 0.003748
592 0.51345
594 0.246351
602 0.506339
610 0.764081
611 0.160728
612 0.385753
614 0.595306
616 0.015773
621 0.583272
629 0.568412
632 0.715272
642 0.009162
643 0.004364
647 0.01461
649 0.064412
652 0.62539
654 0.005351
657 0.541576
658 0.052178
660 0.004133
662 0.091151
668 0.117562
674 1
675 0.033739
677 0.298378
678 0.025596
679 0.04273
681 0.850998
682 0.007762
685 0.012916
687 0.198196
688 0.752977
690 0.015022
695 0.040885
700 0.01014
702 0.632441
703 0.016037
706 0.016654
707 0.008912
708 0.014666
710 0.008529
712 0.005259
714 0.005857
715 0.012555
716 0.240827
720 0.007617
723 0.109137
724 0.257063
725 0.026076
727 0
728 0
729 0.03641
731 0.940472
732 0.140697
733 0.133172
742 0.00511
744 0.61987
745 0.001823
751 0.025282
752 0.225615
753 0.050399
754 0.007841
755 0.001694
756 0.137018
759 0.447423
761 0.048467
765 0.006781
769 0.009943
770 0.403073
771 0.147008
772 0.019544
774 0.010108
775 0.05017
777 0.045957
778 0
779 0.009875
783 0.072011
786 0.144037
787 0.060909
788 0
789 0.026361
790 0.645472
791 0.054886
793 0.325717
795 0.016359
796 0.214979
797 0.005815
798 0.405502
800 0.05352
802 0.004992
803 0.017175
807 0.047004
808 0.016093
811 0.061852
813 0.374305
814 0.014958
816 0.059044
817 0.006167
818 0.005515
821 0.361816
822 0.374962
825 0.024809
827 0.005015
828 0.006415
829 0.004861
831 0.02377
841 0.006206
844 0.049474
849 0.007578
851 0.752278
852 0.029862
854 0.043238
885 0.014832
894 0.694391
906 0.330582
907 0.052425
909 0.437299
