108 0
110 0
1268 0
1259 0
1250 0
112 0
113 0
120 0
1271 0
122 0
124 0
1244 0
126 0
127 0
128 0
1263 0
132 0
134 0.000745
140 0.003081
141 0.00355
145 0
147 0
148 0
149 0
150 0
151 0
152 0
154 0
158 0
168 0
169 0.000334
171 0
1288 0
174 0
175 0
177 0.00045
178 0
1302 0
179 0
181 0
182 6.86e-05
1265 0
184 0
185 0
188 0.001899
189 0.000659
191 0
192 0
195 0
197 0
1282 0
1292 0
204 0.000831
205 0
212 0.001022
214 0
215 0
216 0
217 6.72e-05
223 0
225 0
227 0.000113
229 0.00033
234 0
236 0.000554
237 0
238 0
239 0
241 0
242 0
243 0
245 0.00047
246 0
251 0
252 0
253 0
262 7.42e-05
266 0
271 0.000131
274 0.001029
275 0.001061
276 0
280 0
283 6.47e-05
284 0.000296
287 0.00019
289 5.24e-05
290 0.000112
291 0.001023
1226 0.00212
295 0
298 0
299 0
301 0.000802
302 0.001291
1227 9.57e-05
304 0
305 0.003373
307 0.000809
315 0.001101
317 0
1228 0
324 0
326 0
328 0.000127
915 0.000152
916 0.000705
917 0
918 0
919 0
920 0.001221
922 0
924 0
927 0
928 0
929 0
931 5.8e-05
932 0
934 0
937 0.004303
938 0.001312
942 0
3 0
947 0
948 0.000197
949 0
950 0
952 0
953 0
954 0
956 0
958 5.35e-05
959 0
960 0
962 0
965 0
966 0
967 0
968 0
971 0.002627
972 0
977 0
978 0.000642
979 0
980 0
981 0.000312
7 0
983 0
985 0.000204
986 0
987 0.000301
988 0
989 0
991 0.000276
994 0
998 0
1000 0
1002 0
1003 0
1004 3e-05
1008 0
1009 8.97e-05
1011 0
1017 0.000691
1023 1.57e-05
1025 0
1026 0
1030 0
1032 0
1033 0
1034 0
1035 0
1036 0
1037 0
1042 0.000515
1043 0
1046 0.001333
1048 0
1051 0
1052 0
1053 0
1056 0
1057 0
1060 0
1062 0
1063 0
1068 0
1069 0.000195
1070 0
1071 0.005513
1074 0.000118
1077 0.000571
1078 0
1079 0.001259
1080 0.000467
39 0
1082 0
1083 0
1085 0
1086 0
1090 0
1093 0
1094 0
1095 0.000424
1096 0.000705
1098 0
1100 0.000285
1101 0
1102 0
1103 0
1104 0
1106 0
1107 0
1109 0.000582
1113 0
1115 0.00049
1118 3.71e-05
1120 0.000281
1121 0.001805
1123 0
1125 0
1134 0
1139 0
49 0.000117
52 0
1141 0.000361
1142 0
1146 0
1148 0
1150 0
1154 0
1157 0
1159 0
1160 0
1239 0.001694
1163 0
1164 0.000339
1165 0
1168 0
1170 0
1171 0.000315
1176 0
1187 0.000838
73 0
84 0
89 0
1189 2.44e-05
1190 0
1192 0
1195 0
1197 0
99 0
1198 0
1205 0
1206 0
1207 0.000932
1209 0
1210 0
1211 0
1212 0
1213 0
1232 0
1223 0
131 0
160 0
164 0
167 0
176 0.000128
186 0
194 0
198 0.000462
199 0.000962
209 3.14e-05
221 6.93e-05
250 3.02e-05
260 0.000115
267 0
279 0
285 0
293 0
296 0
297 0
329 0
331 0
332 0
334 0.000174
339 0
343 0
345 0
1224 0
349 0
350 0
355 0
356 0.001678
357 0.000459
358 0
359 0
360 0
367 0
374 0
375 0
377 0
382 0
385 0
388 0
389 0
390 5.5e-05
391 2.72e-05
394 0
395 0
396 0
397 0
399 0.034725
400 0
403 0
406 0
408 0.000263
411 0
413 0
418 0
419 0
422 0.001564
423 0
426 0
427 0
428 0
430 0
432 0
433 0
434 0
435 0
436 0
438 0.000102
443 0
444 0
446 0.000154
448 0
451 0.00563
452 0
453 0.005043
456 0
458 0.000238
459 0
461 0
464 0
466 6.99e-05
469 0
471 0.000496
480 0.001969
483 0
485 0
489 0
499 0
1218 0
501 0
503 0.000502
505 0.000107
507 0
508 0.000586
510 0
512 0
513 0
514 0
516 0
521 0.000131
524 0
530 0
533 0
537 0.005577
538 0.001404
540 0
543 0
544 0
545 0
548 0
549 0
550 0
551 0
554 0
555 0
556 0
557 0
558 0.000631
560 2.55e-05
564 0
570 0
571 0.000163
574 0.000185
575 0.000233
576 0.000415
577 0
1233 0
581 0
583 0
1230 0.027687
584 0
588 0
590 0
592 0.004505
594 0
602 0.002153
610 0
611 0.000939
612 0
614 0.00094
616 0
621 0
629 0
632 0
642 0
643 0
647 0
649 0
652 0
654 0
657 0.000159
658 0.000233
660 0
662 0
668 0.001376
674 0
675 0
677 0
678 0.000107
679 0
681 0
682 0
685 0
687 0
688 0
690 0
695 5.64e-05
700 0
702 0
703 0
706 0
707 0
708 0
710 0
712 0.000626
714 0
715 0
716 0.000537
720 0
723 0
724 0
725 0
727 0
728 0
729 0.000112
731 0
732 2e-04
733 0
742 0
744 0
745 0
751 0
752 0
753 0.001374
754 0
755 4.09e-05
756 0
759 0
761 0.000992
765 0.000469
769 0.001004
770 0
771 0.001181
772 0
774 0
775 0
777 0
778 0
779 0
783 0.000624
786 0.003403
787 0
788 0
789 0
790 0
791 0.000534
793 0
795 9.72e-05
796 6.71e-05
797 0
798 0
800 0.000784
802 0
803 0.00026
807 6.71e-05
808 0
811 0.000249
813 0
814 0.000847
816 0
817 0.000275
818 0.000309
821 0
822 0
825 0
827 0
828 0.000224
829 0
831 0.000294
841 0
844 0.000121
849 0
851 0
852 0
854 0.000814
885 0.000545
894 0
906 0
907 0.001278
909 0
