108 0.001881
110 0.024819
1268 0.013613
1259 0.000969
1250 0.000276
112 0
113 0.004464
120 0.003959
1271 0.001308
122 0
124 0.000167
1244 0.000381
126 0
127 0
128 0
1263 0.002563
132 0.002915
134 0.000875
140 0.001973
141 0.00269
145 0.123812
147 0.001175
148 0.015951
149 0.001093
150 0.190679
151 0.000515
152 0.006027
154 0.204253
158 0.005748
168 0.000759
169 0.000645
171 0.230539
1288 0.007419
174 0.001623
175 0.003678
177 0.791876
178 0.212434
1302 0.422193
179 0.000495
181 0.000842
182 0.44376
1265 0.001704
184 0.012013
185 0.048167
188 0.005671
189 0.393481
191 0.451076
192 0.002507
195 0.005865
197 0.063636
1282 0.409136
1292 0.125533
204 0.411343
205 0.33526
212 0.287111
214 0.165688
215 0.039819
216 0.021442
217 0.321872
223 0.259602
225 0.21176
227 0.323862
229 0.289887
234 0.179369
236 0.282066
237 0.047822
238 0.202451
239 0.203859
241 0.519273
242 0.145069
243 0.166257
245 0.355082
246 0.320728
251 0.181574
252 0.260243
253 0.173892
262 0.260564
266 0.13023
271 0.370379
274 0.363355
275 0.197403
276 0.011624
280 0.307163
283 0.332714
284 0.294433
287 0.234845
289 0.287729
290 0.138766
291 0.430233
1226 0.394524
295 0.454682
298 0.130424
299 0.254073
301 0.456801
302 0.594667
1227 0.420598
304 0.322913
305 0.612055
307 0.257026
315 0.396214
317 0.278914
1228 0.115993
324 0.17932
326 0.203831
328 0.000751
915 0.23506
916 0.509311
917 0.112884
918 0.023884
919 0.003577
920 0.002331
922 0.032914
924 0.067179
927 0.074426
928 0.296877
929 0.008591
931 0.249022
932 0.336478
934 0.001552
937 0.288841
938 0.371231
942 0.032494
3 0.372089
947 0.118514
948 0.155462
949 0.028317
950 0.089484
952 0.160538
953 0.45928
954 0.162034
956 0.0015
958 0.237025
959 0.182712
960 0.256198
962 0.041918
965 0.057179
966 0.028886
967 0.007645
968 0.263087
971 0.00404
972 0.194317
977 0.008278
978 0.362464
979 0.235822
980 0.200463
981 0.251297
7 0.185525
983 0.659234
985 0.214806
986 0.356371
987 0.344089
988 0.010293
989 0.259081
991 0.172822
994 0.30851
998 0
1000 0.022125
1002 0.267182
1003 0.263751
1004 0.439527
1008 0.18813
1009 0.388037
1011 0.001267
1017 0.251204
1023 0.242088
1025 0.072454
1026 0.085056
1030 0.102076
1032 0.128244
1033 0.239155
1034 0.261508
1035 0.748915
1036 0.002869
1037 0.232932
1042 0.192341
1043 0.132794
1046 0.002099
1048 0.254651
1051 0.277378
1052 0.035733
1053 0.001064
1056 0.00741
1057 0.006264
1060 0
1062 0.044467
1063 0.075021
1068 0.191725
1069 0.247096
1070 0.227181
1071 0.090642
1074 0.168641
1077 0.179448
1078 0.025981
1079 0.016227
1080 0.314839
39 0.237489
1082 8e-04
1083 0.09989
1085 0.239756
1086 0.007684
1090 0.035948
1093 0.220953
1094 0.000193
1095 0.206906
1096 0.005924
1098 0.064236
1100 0.236721
1101 0.222623
1102 0.202596
1103 0.001567
1104 0.429964
1106 0.305197
1107 0.595004
1109 0.464877
1113 0.100604
1115 0.467293
1118 0.265156
1120 0.293106
1121 0.051743
1123 0.009716
1125 0.002038
1134 0.15127
1139 0.198808
49 0.354191
52 0.265182
1141 0.316932
1142 0.327876
1146 0.005964
1148 0.103816
1150 0.000424
1154 0.314406
1157 0.001269
1159 0.17452
1160 0.153966
1239 0.002428
1163 0.150998
1164 0.474641
1165 0.168864
1168 0.001962
1170 0.327022
1171 0.193211
1176 0.16
1187 0.221988
73 0.21204
84 0.000412
89 0.338521
1189 0.099041
1190 0.00124
1192 0.166062
1195 0.340098
1197 0.018091
99 0.188006
1198 0.285646
1205 0.023586
1206 0.421876
1207 0.222204
1209 0.297805
1210 0.009481
1211 0.002674
1212 0.159891
1213 0.015323
1232 0.395585
1223 0.149949
131 0.014943
160 0.225636
164 0.206464
167 0.107518
176 0.258278
186 0.025942
194 0.012385
198 0.30274
199 0.109097
209 0.456964
221 0.447479
250 0.372269
260 0.486815
267 0.116636
279 0.389633
285 0.004958
293 0.191791
296 0.064751
297 0.040516
329 0.017575
331 0.026602
332 0.3738
334 0.289332
339 0.224977
343 0.403465
345 0.173854
1224 1
349 0.002575
350 0.000344
355 0.029728
356 0.001715
357 0.417884
358 0.414169
359 0.018999
360 0.035754
367 0.034448
374 0.165861
375 0.010362
377 0.118166
382 0.147386
385 0.003156
388 0.115902
389 0.375219
390 0.391965
391 0.230159
394 0.030584
395 0.061361
396 0.278995
397 0.043515
399 0.043766
400 0.01581
403 0.18587
406 0.251939
408 0.002617
411 0.00785
413 0.103779
418 0.312907
419 0.04306
422 0.32368
423 0.372936
426 0.025344
427 0.00112
428 0.198971
430 0.163746
432 0.040076
433 0.308002
434 0.650774
435 0.090699
436 0.266448
438 0.00089
443 0.334963
444 0.001594
446 0.359224
448 0.216123
451 0.171062
452 0.001314
453 0.008705
456 0.179507
458 0.399958
459 0.032219
461 0.141365
464 0.203087
466 0.239431
469 0.017374
471 0.279957
480 0.259552
483 0.166064
485 0.006538
489 0.010065
499 0.152894
1218 0.000874
501 0.125343
503 0.400594
505 0.265394
507 0.119388
508 0.395206
510 0.096444
512 0.212732
513 0.038778
514 0.081451
516 0.000762
521 0.194611
524 0.358589
530 0.023757
533 0.010935
537 0.036199
538 0.296925
540 0.273903
543 0.276816
544 0.181299
545 0.095351
548 0.003545
549 0.003833
550 0.034983
551 0.003433
554 0.346009
555 0.321217
556 0.001177
557 0.256024
558 0.363523
560 0.160743
564 0.29604
570 0.345439
571 0.209774
574 0.157154
575 0.000673
576 0.34795
577 0.097386
1233 0.256661
581 0.49661
583 0.027097
1230 0.044457
584 0.243452
588 0.087672
590 0.334568
592 0.022319
594 0.002335
602 0.036508
610 0.078679
611 0.000762
612 0.017366
614 0.017062
616 0.309376
621 0.001353
629 0.049506
632 0.04051
642 0.405076
643 0.166639
647 0.00099
649 0.03909
652 0.001585
654 0.14267
657 0
658 0.30672
660 0.21608
662 0.39552
668 0.330569
674 0.252094
675 0.000354
677 0.014368
678 0.169172
679 0.068622
681 0.002398
682 0.059385
685 0.437985
687 0.056295
688 0.004549
690 0.170478
695 0.438832
700 0.339202
702 0.066277
703 0.304348
706 0.219737
707 0.296917
708 0.328162
710 0.266707
712 0.258578
714 0.290995
715 0.295789
716 0.003086
720 0.78951
723 0.011892
724 0.202574
725 0.208127
727 0.171306
728 0.079965
729 0.008289
731 0.082558
732 0.003466
733 0.056106
742 0.297399
744 0.015954
745 0.230575
751 0.219159
752 0.115651
753 0.467904
754 0.217565
755 0.645973
756 0.027409
759 0.013288
761 0.153067
765 0.301088
769 0.474122
770 0.147763
771 0.321822
772 0.002635
774 0.159358
775 0.034648
777 0.324739
778 0.067284
779 0.088169
783 0.329763
786 0.532272
787 0.24401
788 0.638655
789 0.032922
790 0.005916
791 0.284278
793 0.018569
795 0.446469
796 0.301452
797 0.272031
798 0.037014
800 0.18035
802 0.183912
803 0.188491
807 0.381484
808 0.372434
811 0.327392
813 0.328706
814 0.436802
816 0.262703
817 0.198036
818 0.229331
821 0.556564
822 0.014797
825 0.389698
827 0.003435
828 0.322687
829 0.022473
831 0.245189
841 0.302502
844 0.003046
849 0.151502
851 0.245402
852 0
854 0.253026
885 0.249751
894 0.082833
906 0.060508
907 0.304546
909 0.126602
