108 0
110 0.118753
1268 0
1259 0
1250 0
112 0
113 0
120 0
1271 0
122 0
124 0
1244 0
126 0
127 0
128 0
1263 0
132 0
134 0
140 0
141 0
145 0.021499
147 0
148 0
149 0
150 0.080819
151 0
152 0
154 0.020487
158 0
168 0
169 0
171 0.11295
1288 0.077472
174 0
175 0
177 0.038543
178 0
1302 0
179 0
181 0
182 0.025409
1265 0
184 0
185 0
188 0
189 0.084217
191 0.132443
192 0
195 0
197 0
1282 0.019734
1292 0
204 0.012796
205 0.018489
212 0.032126
214 0.14582
215 0.021928
216 0
217 0.045238
223 0.031646
225 0.020653
227 0.036305
229 0.032742
234 0.044479
236 0.048721
237 0
238 0.070581
239 0.334788
241 0.024455
242 0.045914
243 0.063128
245 0.019118
246 0.015827
251 0.016641
252 0.089408
253 0.012855
262 0.300029
266 0.02128
271 0.013131
274 0.015308
275 0.062527
276 0
280 0
283 0.062178
284 0.006341
287 0.026676
289 0.069625
290 0.006333
291 0.028454
1226 0.03004
295 0.098512
298 0.004487
299 0.036693
301 0.127821
302 0.014059
1227 0.041201
304 0.027081
305 0.02258
307 0.035828
315 0.139987
317 0.135741
1228 0
324 0.057131
326 0.115236
328 0
915 0.014746
916 0.017944
917 0.067905
918 0
919 0
920 0
922 0
924 0
927 0
928 0.171586
929 0
931 0.054441
932 0.027407
934 0
937 0.013017
938 0.033781
942 0
3 0.017965
947 0.121426
948 0.020872
949 0
950 0.098777
952 0.064194
953 0
954 0.036028
956 0
958 0.066622
959 0.120834
960 0.03631
962 0.059605
965 0.071517
966 0
967 0
968 0.068662
971 0
972 0.028515
977 0
978 0.095709
979 0.175917
980 0.016819
981 0.086873
7 0.036035
983 0
985 0.028517
986 0.038294
987 0.018129
988 0.008965
989 0.101526
991 0.007442
994 0
998 0
1000 0
1002 0.07977
1003 0.034745
1004 0.090721
1008 0
1009 0.15943
1011 0
1017 0.029165
1023 0.065584
1025 0
1026 0.025245
1030 0.036328
1032 0.013976
1033 0.054463
1034 0.029395
1035 0
1036 0
1037 0.049537
1042 0.020461
1043 0.074431
1046 0
1048 0.093095
1051 0.159084
1052 0
1053 0
1056 0
1057 0
1060 0
1062 0
1063 0.047714
1068 0
1069 0.199268
1070 0.010749
1071 0
1074 0.013103
1077 0.150182
1078 0.00765
1079 0
1080 0.153174
39 0.014226
1082 0
1083 0
1085 0.036208
1086 0
1090 0
1093 0.049991
1094 0
1095 0.061387
1096 0
1098 0.04709
1100 0.022066
1101 0
1102 0.112216
1103 0
1104 0.270845
1106 0.046299
1107 0.263389
1109 0.022141
1113 0.20735
1115 0
1118 0
1120 0.069387
1121 0
1123 0
1125 0
1134 0
1139 0
49 0.044606
52 0.096664
1141 0.146611
1142 0.109878
1146 0
1148 0
1150 0
1154 0
1157 0
1159 0.021787
1160 0.021543
1239 0
1163 0.263384
1164 0.043972
1165 0.399202
1168 0
1170 0.116432
1171 0.012715
1176 0.029123
1187 0.030988
73 0
84 0
89 0.102967
1189 0.004948
1190 0
1192 0.140578
1195 0.108612
1197 0
99 0.273903
1198 0.295409
1205 0
1206 0.088918
1207 0.01598
1209 0.053534
1210 0
1211 0.00175
1212 0
1213 0.002466
1232 0.01881
1223 0.005989
131 0
160 0.014098
164 0.024518
167 0
176 0.079662
186 0
194 0
198 0.049988
199 0.066722
209 0.021866
221 0
250 0.082416
260 0.132643
267 0.02309
279 0
285 0
293 0.053386
296 0
297 0
329 0
331 0.003058
332 0.055653
334 0.039571
339 0.149045
343 0.158431
345 0.273563
1224 0
349 0
350 0
355 0
356 0
357 0.048909
358 0.085258
359 0
360 0
367 0.039701
374 0.026692
375 0
377 0
382 0.133138
385 0
388 0.21457
389 0
390 0.061503
391 0.037369
394 0
395 0
396 0.033995
397 0
399 0
400 0
403 0
406 0.101033
408 0
411 0
413 0.024967
418 0
419 0
422 0.004638
423 0.044658
426 0
427 0
428 0.074612
430 0.276252
432 0.021131
433 0.094313
434 0.062076
435 0
436 0
438 0
443 0.050875
444 0
446 0.049919
448 0.103138
451 0
452 0
453 0
456 0.040818
458 0.07596
459 0.0093
461 0.139544
464 0.064595
466 0.020231
469 0
471 0.024317
480 0.02545
483 0.090366
485 0
489 0
499 0.043195
1218 0
501 0.053364
503 0.025612
505 0.027268
507 0.032094
508 0.166346
510 0.176853
512 0
513 0
514 0.037564
516 0
521 0.02569
524 0.037176
530 0
533 0
537 0.00554
538 0.115965
540 0.023546
543 0.032704
544 0.072206
545 0
548 0
549 0
550 0.1651
551 0
554 0.034664
555 0.065481
556 0
557 0
558 0.038621
560 0.033753
564 0.058424
570 0.04718
571 0.021923
574 0.052498
575 0
576 0.038986
577 0
1233 0.052352
581 0.024207
583 0
1230 0
584 0.024952
588 0.067357
590 0.286888
592 0
594 0
602 0
610 0
611 0
612 0
614 0
616 0.025659
621 0
629 0
632 0
642 0.070187
643 0.029318
647 0
649 0
652 0
654 0.028866
657 0
658 0
660 0.034843
662 0.312012
668 0.034079
674 0
675 0
677 0
678 0.019806
679 0.016912
681 0
682 0.005486
685 0.017485
687 0.278679
688 0
690 0.130099
695 0.056427
700 0.067516
702 0
703 0.057559
706 0.099863
707 0.024737
708 0.045089
710 0
712 0.026158
714 0.040419
715 0.04481
716 0
720 0.190433
723 0
724 0
725 0.023281
727 0.236332
728 0.125317
729 0
731 0
732 0
733 0.047369
742 0.062806
744 0
745 0.060264
751 0.035271
752 0
753 0.058478
754 0.081235
755 0.276828
756 0
759 0
761 0.05458
765 0.22765
769 0
770 0
771 0.017486
772 0
774 0.037356
775 0
777 0.023983
778 0
779 0.13033
783 0.018137
786 0.062002
787 0.666943
788 0
789 0.014047
790 0
791 0.028671
793 0
795 0.053186
796 0.034566
797 0.063986
798 0.076078
800 0.080704
802 0.199439
803 0.033997
807 0.024763
808 0.041187
811 0.078445
813 0.028898
814 0.023084
816 0.030804
817 0.130054
818 0.073896
821 0
822 0
825 0.074303
827 0
828 0.070318
829 0
831 0.042775
841 0.077868
844 0.000695
849 0.03148
851 0
852 0
854 0.107203
885 0.018025
894 0
906 0
907 0.11788
909 0
