108 0.101377
110 0
1268 0
1259 0.086474
1250 0.01746
112 0.012619
113 0.05216
120 0.016473
1271 0.013323
122 0.027193
124 0.079099
1244 0.012746
126 0.041138
127 0.06629
128 0
1263 0.011474
132 0.024165
134 0.183506
140 0.024342
141 0.031999
145 0
147 0.040058
148 0
149 0.021927
150 0
151 0.024394
152 0.134324
154 0
158 0.039461
168 0.016862
169 0
171 0
1288 0
174 0
175 0.011414
177 0
178 0
1302 0
179 0.036756
181 0.002313
182 0
1265 0.015845
184 0.035276
185 0
188 0.069222
189 0
191 0
192 0.009419
195 0.033821
197 0
1282 0
1292 0
204 0
205 0
212 0.002396
214 0
215 0.002012
216 0.213597
217 0.020626
223 0
225 0
227 0
229 0
234 0
236 0
237 0
238 0
239 0
241 0
242 0
243 0
245 0.000325
246 0
251 0
252 0
253 0
262 0
266 0
271 0
274 0.00556
275 0
276 0
280 0
283 0
284 0.000525
287 0.002154
289 0
290 0.003678
291 0.002476
1226 0.002391
295 0
298 0.02272
299 0
301 0
302 0
1227 0.000501
304 0
305 0
307 0
315 0
317 0
1228 0
324 0
326 0
328 0.004006
915 0
916 0
917 0
918 0
919 0
920 0.032655
922 0
924 0
927 0
928 0
929 0
931 0
932 0.000187
934 0
937 0
938 0.000208
942 0
3 0
947 0
948 0
949 0
950 0.05004
952 0
953 0
954 0
956 0.037228
958 0
959 0
960 0
962 0
965 0.000641
966 0
967 0
968 0.003723
971 0.188518
972 0
977 0
978 0
979 0
980 0
981 0
7 0
983 0
985 0
986 0
987 0
988 0
989 0
991 0
994 0
998 0.043939
1000 0
1002 0
1003 0
1004 0
1008 0
1009 0
1011 0.005538
1017 0.020582
1023 0
1025 0
1026 0
1030 0.002286
1032 0
1033 0
1034 0
1035 0
1036 0.01884
1037 0
1042 0.000664
1043 0
1046 0.019186
1048 0
1051 0
1052 0
1053 0.076969
1056 0
1057 0
1060 0.021803
1062 0
1063 0
1068 0
1069 0
1070 0
1071 0.000955
1074 0
1077 0
1078 0.005561
1079 0
1080 0
39 0
1082 0.01848
1083 0
1085 0.001897
1086 0
1090 0
1093 0
1094 0.023752
1095 0
1096 0
1098 0
1100 0.005554
1101 0
1102 0
1103 0.139567
1104 0
1106 0
1107 0
1109 0
1113 0
1115 0.056107
1118 0.002914
1120 0
1121 0
1123 0
1125 0.017546
1134 0.025519
1139 0
49 0
52 0
1141 0.000534
1142 0
1146 0
1148 0
1150 0.024377
1154 0
1157 0
1159 0
1160 0.001701
1239 0.293896
1163 0
1164 0.000162
1165 0
1168 0.013452
1170 0.00503
1171 0
1176 0
1187 0.000654
73 0
84 0.007232
89 0
1189 0
1190 0.010873
1192 0
1195 0
1197 0
99 0
1198 0
1205 0
1206 0
1207 0
1209 0
1210 0
1211 0
1212 0
1213 0.020704
1232 0
1223 0
131 0.007766
160 0
164 0
167 0
176 0
186 0
194 0
198 0
199 0
209 0.001064
221 0.000811
250 0
260 0
267 0
279 0
285 0.018599
293 0
296 0
297 0.277974
329 0
331 0.010526
332 0
334 0
339 0
343 0
345 0
1224 0
349 0.011646
350 0.006787
355 0
356 0.007
357 0
358 0
359 0.031801
360 0
367 0.056165
374 0
375 0.178125
377 0
382 0
385 0.106529
388 0.021478
389 0
390 0
391 0
394 0
395 0.017984
396 0
397 0
399 0
400 0
403 0
406 0
408 0.016307
411 0
413 0
418 0
419 0.085755
422 0
423 0
426 0
427 0.181453
428 0
430 0
432 0
433 0
434 0
435 0
436 0
438 0.014153
443 0
444 0.03498
446 0
448 0
451 0.154844
452 0.090238
453 0
456 0
458 0
459 0.006872
461 0.01142
464 0
466 0
469 0.041742
471 0
480 0.000443
483 0
485 0
489 0
499 0.002667
1218 0.024507
501 0
503 0.000647
505 0.000479
507 5e-04
508 0
510 0
512 0
513 0.004967
514 0
516 0.048137
521 0.001613
524 0
530 0
533 0
537 0
538 0
540 0
543 0
544 0
545 0
548 0.008629
549 0.018204
550 0
551 0
554 0
555 0
556 0.021105
557 0
558 0
560 0.007981
564 0
570 0
571 0.007374
574 0.001901
575 0.054446
576 0
577 0
1233 0
581 0
583 0
1230 0
584 0
588 0
590 0
592 0
594 0.01521
602 0
610 0
611 0.011302
612 0
614 0.012806
616 0
621 0.028994
629 0
632 0
642 0
643 0
647 0.022505
649 0
652 0.058108
654 0.001201
657 0.025878
658 0.001144
660 0
662 0
668 0.014523
674 0
675 0.024245
677 0
678 0
679 0.011316
681 0
682 0
685 0
687 0
688 0
690 0
695 0
700 0
702 0
703 0
706 0
707 0.000561
708 0
710 0.003499
712 0
714 0
715 0
716 0.006363
720 0
723 0
724 0
725 0.00326
727 0
728 0
729 0.017543
731 0
732 0
733 0
742 0
744 0.096047
745 0
751 0.000485
752 0
753 0
754 0
755 0
756 0
759 0
761 0.004779
765 0
769 0.002609
770 0
771 0.000285
772 0.017691
774 0
775 0
777 0
778 0
779 0
783 0.006146
786 0
787 0
788 0
789 0
790 0.024291
791 0
793 0
795 0
796 0.000634
797 0
798 0
800 0.005942
802 0
803 0.000337
807 0
808 0
811 0
813 0
814 0.00048
816 0
817 0
818 0
821 0
822 0
825 0
827 0.030887
828 0
829 0.021897
831 0
841 0
844 0.022299
849 0.000847
851 0
852 0.010921
854 0
885 0.011332
894 0
906 0
907 0
909 0
