108 0.0864
110 0
1268 0.078195
1259 0.078475
1250 0.013544
112 0.014453
113 0.025112
120 0.024644
1271 0.011391
122 0.028174
124 0.047533
1244 0.058489
126 0.028863
127 0.072703
128 0.009078
1263 0.011634
132 0.126861
134 0.245792
140 0.059849
141 0.047418
145 0
147 0.03926
148 0.184182
149 0.051618
150 0
151 0.021317
152 0.185845
154 0
158 0.061334
168 0.010507
169 0.021784
171 0
1288 0
174 0.000846
175 0.015547
177 0.003124
178 0.012069
1302 0
179 0.035205
181 0.005202
182 0
1265 0.008366
184 0.00821
185 0.2098
188 0.168196
189 0.002556
191 0.001401
192 0.011554
195 0.086345
197 0
1282 0
1292 0
204 0.000937
205 0
212 0.000515
214 0
215 0.008782
216 0.126181
217 0.001693
223 0
225 0
227 0
229 0.001948
234 0.001946
236 0
237 0
238 0
239 0
241 0
242 0
243 0.00055
245 0.003561
246 0
251 0
252 0.003579
253 0
262 0
266 0
271 0.000296
274 0.000248
275 0
276 0.030271
280 0
283 0.005369
284 0.00154
287 0.002392
289 0.000264
290 0.0043
291 0.00178
1226 0.003735
295 0
298 0.005572
299 0.004784
301 0
302 0
1227 0
304 0
305 0
307 0
315 0
317 0.000548
1228 0.1933
324 0.005703
326 0
328 0.004333
915 0
916 0.000293
917 0
918 0.051814
919 0.043284
920 0.024716
922 0.38663
924 0.044293
927 0.079019
928 0
929 0.028952
931 0
932 0
934 0.009526
937 0
938 0
942 0.002542
3 0
947 0.018464
948 0
949 0.029093
950 0.104872
952 0
953 0
954 0.000687
956 0.023621
958 0
959 0.000841
960 0
962 0.064668
965 0.009173
966 0.022789
967 0.047653
968 0.030419
971 0.250669
972 0
977 0
978 0
979 0
980 0
981 0
7 0
983 0
985 0
986 0
987 0
988 0.01755
989 0.003068
991 0.018853
994 0
998 0.053449
1000 0.022941
1002 3e-04
1003 0.002846
1004 0.000958
1008 0
1009 0
1011 0.00668
1017 0.003117
1023 0.000438
1025 0.045665
1026 0
1030 0.000501
1032 0
1033 0.001348
1034 0.005303
1035 0
1036 0.018162
1037 0
1042 0
1043 0
1046 0.018036
1048 0.000423
1051 0
1052 0.192003
1053 0.047856
1056 0
1057 0.035947
1060 0.012633
1062 0
1063 0.030166
1068 0
1069 0
1070 0
1071 0.003958
1074 0
1077 0
1078 0.009642
1079 0
1080 0.001789
39 0
1082 0.025053
1083 0
1085 0.005642
1086 0
1090 0.060897
1093 0
1094 0.021193
1095 0
1096 0.098682
1098 0
1100 0
1101 0
1102 0
1103 0.164262
1104 0
1106 0
1107 0
1109 0.002866
1113 0.00219
1115 0.008223
1118 0
1120 0.001127
1121 0.008976
1123 0.01866
1125 0.013998
1134 0.044631
1139 0
49 0
52 0
1141 0.003477
1142 0
1146 0.028533
1148 0
1150 0.038787
1154 0
1157 0.009564
1159 0.000784
1160 0.008637
1239 0.462955
1163 0
1164 0.001073
1165 0.002849
1168 0.021397
1170 0.027029
1171 0
1176 0.000571
1187 0.017437
73 0.037538
84 0.009747
89 0
1189 0.006603
1190 0.013862
1192 0
1195 0
1197 0.079787
99 0.00674
1198 0.003775
1205 0.034513
1206 0
1207 0.00244
1209 0.001988
1210 0
1211 0.00672
1212 0
1213 0.025965
1232 0
1223 0
131 0.061489
160 0
164 0
167 0
176 0
186 0
194 0.130335
198 0.016798
199 0
209 0
221 0.000482
250 0.000803
260 0.000993
267 0.003332
279 0
285 0.007631
293 0
296 0
297 0.285074
329 0.042968
331 0.006999
332 0.004813
334 0
339 0.004541
343 0
345 0
1224 0
349 0.034286
350 0.020925
355 0
356 0.037098
357 0
358 0.000518
359 0.207601
360 0.041355
367 0.011273
374 0
375 0.147247
377 0
382 0
385 0.118717
388 0.005431
389 0
390 0
391 0.002895
394 0
395 0.012433
396 0
397 0
399 0.066333
400 0
403 0
406 0
408 0.006596
411 0.01787
413 0.002346
418 0
419 0.217226
422 0.001105
423 0
426 0
427 0.17327
428 0.003553
430 0.014928
432 0
433 0.002671
434 0
435 0.027884
436 0
438 0.016834
443 0.001287
444 0.064557
446 0.008762
448 0.00633
451 0
452 0.111536
453 0.023255
456 0.000217
458 0
459 0.002103
461 0.006428
464 0
466 0
469 0.141875
471 0
480 0
483 0.004334
485 0.053565
489 0
499 0.009958
1218 0.051288
501 0
503 0.005453
505 0.003927
507 0.005253
508 0
510 0.00532
512 0.039801
513 0
514 0
516 0.086189
521 0.002473
524 0
530 0.031624
533 0.075814
537 0
538 0
540 0
543 0
544 0.000381
545 0
548 0.019159
549 0.032844
550 0
551 0.016408
554 0.004116
555 0
556 0.040535
557 0
558 0
560 0
564 0
570 0
571 0.002962
574 0.013406
575 0.062355
576 0
577 0
1233 0
581 0
583 0.180841
1230 0
584 0
588 0
590 0.00093
592 0.071653
594 0.062055
602 0.031032
610 0.104943
611 0.029043
612 0.051762
614 0.044527
616 0
621 0.06006
629 0.278767
632 0.138968
642 0
643 0.011416
647 0.023558
649 0.002677
652 0.121331
654 0.01759
657 0.041353
658 0.001065
660 0.001183
662 0.00244
668 0.008341
674 0
675 0.026298
677 0
678 0.005606
679 0.007884
681 0.11146
682 0.006113
685 0
687 0
688 0
690 0.010029
695 0
700 0
702 0.122378
703 0.011178
706 0
707 0.001358
708 0
710 0.003539
712 0
714 0
715 0
716 0.005905
720 0
723 0.00129
724 0
725 0.00283
727 0.005815
728 0
729 0.019512
731 0
732 0.042938
733 0
742 0
744 0.261096
745 0.001614
751 0.003701
752 0
753 0.001148
754 0
755 0
756 0
759 0
761 0.044212
765 0.002715
769 0
770 0
771 0
772 0.009757
774 0.001122
775 0.029504
777 0
778 0.088804
779 0.001971
783 0
786 0
787 0
788 0
789 0
790 0.082949
791 0
793 0.063897
795 0
796 0
797 0
798 0.032648
800 0.012444
802 0.011475
803 0.010229
807 0
808 0
811 0.001009
813 0
814 0.005058
816 0
817 0.000921
818 0.000352
821 0
822 0.015676
825 0
827 0.039623
828 0
829 0.009945
831 0
841 0
844 0.012409
849 0
851 0
852 0.010951
854 0
885 0
894 0
906 0
907 0
909 0
