108 0.000937
110 0.008969
1268 0
1259 0.000284
1250 0
112 0
113 0.003772
120 0.000829
1271 0
122 0
124 0
1244 0
126 0
127 0
128 0
1263 0
132 0
134 0
140 0.010059
141 0.000645
145 0.016337
147 0
148 0
149 0
150 0.002362
151 0
152 0
154 0.010123
158 0
168 0
169 0
171 0.00332
1288 0.010978
174 0
175 0
177 0.021464
178 0
1302 0.020977
179 0
181 0
182 0.01003
1265 0
184 0
185 0.008326
188 0
189 0.010424
191 0.005858
192 0
195 0
197 0
1282 0.003975
1292 0.071554
204 0.017592
205 0.014195
212 0.024837
214 0.010325
215 0.008537
216 0
217 0.010065
223 0.005481
225 0.00487
227 0.011531
229 0.064755
234 0.017672
236 0.012365
237 0
238 0.010423
239 0.007269
241 0.011353
242 0.012413
243 0.00362
245 0.048302
246 0.008864
251 0.028693
252 0.008266
253 0.033068
262 0.009038
266 0.003826
271 0.005973
274 0.007879
275 0.00996
276 0
280 0
283 0.002356
284 0.005093
287 0.010869
289 0.004333
290 0.00561
291 0.007056
1226 0.0057
295 0.002984
298 0.019016
299 0.0036
301 0.005113
302 0.009863
1227 0.002411
304 0.00823
305 0.028185
307 0.041706
315 0.002668
317 0.005059
1228 0
324 0.005019
326 0.005058
328 0.00023
915 0.033833
916 0.005124
917 0.007909
918 0
919 0
920 0
922 0
924 0
927 0
928 0.005703
929 0
931 0.003567
932 0.025967
934 0.000459
937 0.034787
938 0.031936
942 0.002097
3 0.010296
947 0.0051
948 0.010905
949 0
950 0.010416
952 0.00436
953 0
954 0.007845
956 0
958 0.004087
959 0.003741
960 0.009371
962 0
965 0.006371
966 0
967 0
968 0
971 0
972 0.01779
977 0
978 0.003644
979 0.01807
980 0.015751
981 0.007258
7 0.016814
983 0
985 0.020164
986 0.002654
987 0.027557
988 0.001804
989 0.007117
991 0.011687
994 0
998 0
1000 0
1002 0.012498
1003 0.008732
1004 0.005932
1008 0.023571
1009 0.002931
1011 0
1017 0.016589
1023 0.005803
1025 0
1026 0.00828
1030 0.009443
1032 0.01432
1033 0.010861
1034 0.008843
1035 0
1036 0
1037 0.004689
1042 0.032766
1043 0.042537
1046 0
1048 0.011439
1051 0
1052 0
1053 0
1056 0
1057 0
1060 0
1062 0
1063 0
1068 0
1069 0.006939
1070 0.017649
1071 0.012018
1074 0.01993
1077 0.009519
1078 0.002141
1079 0
1080 0.007977
39 0.023094
1082 0.000109
1083 0.013658
1085 0.069442
1086 0
1090 0
1093 0.007557
1094 0
1095 0.004147
1096 0
1098 0.015953
1100 0.014266
1101 0
1102 0.008379
1103 0
1104 0
1106 0.005205
1107 0.004933
1109 0.034397
1113 0.010529
1115 0.019706
1118 0.007531
1120 0.003737
1121 0.008016
1123 0.004998
1125 0
1134 0.035056
1139 0
49 0.005797
52 0.005434
1141 0.003333
1142 0.003856
1146 0
1148 0
1150 0
1154 0
1157 0
1159 0.012402
1160 0.015212
1239 0
1163 0
1164 0.019185
1165 0.011523
1168 0
1170 0.014131
1171 0.007274
1176 0.012254
1187 0.033159
73 0
84 0
89 0
1189 0.009872
1190 0
1192 0.008715
1195 0.007652
1197 0
99 0.008148
1198 0.0052
1205 0
1206 0.006745
1207 0.004652
1209 0.007281
1210 0
1211 0.010032
1212 0
1213 0.001975
1232 0.004067
1223 0.041502
131 0.040182
160 0.00752
164 0.049064
167 0
176 0.010358
186 0
194 0
198 0.007982
199 0.019767
209 0.019708
221 0.008856
250 0.003922
260 0.003911
267 0.012723
279 0
285 0
293 0.02557
296 0
297 0
329 0
331 0.003963
332 0.003197
334 0.005075
339 0.00451
343 0.009094
345 0.006707
1224 0
349 0
350 0
355 0
356 0
357 0.02747
358 0.000727
359 0
360 0
367 0
374 0.01277
375 0
377 0
382 0.009224
385 0.000733
388 0.007799
389 0
390 0.006928
391 0.011671
394 0
395 0.004764
396 0.00992
397 0
399 0
400 0.001474
403 0
406 0
408 0
411 0
413 0.020572
418 0
419 0
422 0.018894
423 0
426 0
427 0.000176
428 0.010872
430 0.006211
432 0.087403
433 0.002062
434 0
435 0
436 0
438 0
443 0.002727
444 0
446 0.001306
448 0.003136
451 0
452 0
453 0
456 0.00824
458 0.022381
459 0.005736
461 0.012648
464 0.007823
466 0.026502
469 0
471 0.023105
480 0.050512
483 0.009018
485 0
489 0.030988
499 0.010965
1218 0
501 0.013919
503 0.015716
505 0.018712
507 0.00536
508 0.007441
510 0.014719
512 0
513 0.047926
514 0.013672
516 0
521 0.025008
524 0.003235
530 0
533 0
537 0.002382
538 0.008918
540 0.01861
543 0.012228
544 0.027171
545 0.003617
548 0
549 0.006217
550 0.030766
551 0.001236
554 0.004508
555 0.008331
556 0
557 0
558 0.043251
560 0.046756
564 0.012871
570 0.005162
571 0.074498
574 0.037926
575 0
576 0.014378
577 0
1233 0.008326
581 0.029082
583 0
1230 0
584 0.009282
588 0
590 0.00289
592 0
594 0
602 0
610 0
611 0
612 0
614 0
616 0.021696
621 0
629 0
632 0
642 0.00558
643 0.009585
647 0
649 0.002385
652 0
654 0.017955
657 0
658 0.041604
660 0.003973
662 0.003131
668 0.049941
674 0
675 0
677 0
678 0.00681
679 0.02772
681 0
682 0.019462
685 0.014838
687 0.016016
688 0
690 0.007171
695 0.002853
700 0.007357
702 0
703 0.00749
706 0.01149
707 0.021645
708 0.00436
710 0.022685
712 0.055447
714 0.007603
715 0.021692
716 0
720 0.007175
723 0.005403
724 0
725 0.02539
727 0.011635
728 0
729 0
731 0
732 0
733 0.015925
742 0.013784
744 0
745 0.004016
751 0.010107
752 0
753 0.00619
754 0.012674
755 0.007987
756 0
759 0
761 0.034722
765 0.003164
769 0.042123
770 0.022537
771 0.011995
772 4e-04
774 0.007561
775 0
777 0.010739
778 0
779 0.003887
783 0.011457
786 0.009247
787 0.066009
788 0
789 0
790 0
791 0.013241
793 0
795 0.003769
796 0.017429
797 0.003883
798 0.033334
800 0.016026
802 0.007521
803 0.044567
807 0.005309
808 0.005217
811 0.005852
813 0.310501
814 0.036106
816 0.004002
817 0.005519
818 0.021673
821 0.098437
822 0
825 0.003067
827 0.001018
828 0.010451
829 0.008139
831 0.014339
841 0.0037
844 0.001933
849 0.046888
851 0.014003
852 0
854 0.00891
885 0.019385
894 0
906 0
907 0.007097
909 0
