108 0.002942
110 0.002848
1268 0.005378
1259 0.018717
1250 0.001387
112 0.00197
113 0.000933
120 0.005565
1271 0.002618
122 0.001719
124 0.001317
1244 0.01626
126 0.001265
127 0.000737
128 0.002311
1263 0.00601
132 0.001151
134 0.001196
140 0.000796
141 0.078249
145 0.001954
147 0
148 0.003075
149 0.001076
150 0.002886
151 0.000413
152 0.001118
154 0.002477
158 0.004724
168 0
169 0.00128
171 0.003522
1288 0.00463
174 0.023277
175 0.000902
177 0.105313
178 0.00446
1302 0.009795
179 0.00354
181 0.006293
182 0.014698
1265 0.005803
184 0.00668
185 0.002074
188 0.008552
189 0.009613
191 0.020463
192 0.004516
195 0.002043
197 0.000775
1282 0.032202
1292 0.002827
204 0.01208
205 0.015882
212 0.010941
214 0.008945
215 0.007243
216 0.003978
217 0
223 0.009087
225 0.005459
227 0.005057
229 0.015286
234 0.006125
236 0.006321
237 0.003414
238 0.003296
239 0.00191
241 0.027975
242 0.003264
243 0.008042
245 0.039839
246 0.009982
251 0.007398
252 0.004434
253 0.004264
262 0.005421
266 0.004093
271 0
274 0.011738
275 0.003831
276 0.00251
280 0.002393
283 0.026888
284 0.004199
287 0.002173
289 0.010772
290 0.008233
291 0.014347
1226 0.011908
295 0.003138
298 0.011838
299 0.007055
301 0.03329
302 0
1227 0.015194
304 0.013644
305 0.01448
307 0.006186
315 0.02248
317 0.006504
1228 0.002615
324 0.004714
326 0.006942
328 0.003741
915 0.005291
916 0
917 0.019028
918 0.010273
919 0.003994
920 0.00346
922 0
924 0.001372
927 0.001848
928 0.00417
929 0.001845
931 0.007175
932 0.004685
934 0.001495
937 0.003002
938 0.003102
942 0.00306
3 0.014329
947 0.000858
948 0.000876
949 0.002275
950 0.013647
952 0.007777
953 0.007944
954 0.006407
956 0.005513
958 0.008088
959 0.005238
960 0.001957
962 0.019686
965 0.002065
966 0.016145
967 0.003216
968 0.001145
971 0.001637
972 0.004039
977 0.005125
978 0
979 0.008116
980 0.010986
981 0
7 0.004364
983 0.02118
985 0.005321
986 0.00646
987 0.016848
988 0.000818
989 0.003863
991 0.001055
994 0.000667
998 0.002249
1000 0.001359
1002 0.003341
1003 0.001707
1004 0.007069
1008 0.004057
1009 0
1011 0.002737
1017 0.002283
1023 0.016104
1025 0.003999
1026 0.004166
1030 0.003838
1032 0.001924
1033 0.003933
1034 0.012983
1035 0.004235
1036 0.001431
1037 0.003773
1042 0.003552
1043 0.001742
1046 0.002002
1048 0.002288
1051 0.007764
1052 0.006571
1053 0.001024
1056 0.003623
1057 0.001974
1060 0.00492
1062 0.023851
1063 0.003268
1068 0.000839
1069 0.005213
1070 0.002475
1071 0.003021
1074 0.005217
1077 0.00602
1078 0.002109
1079 0.002249
1080 0.005167
39 0.003228
1082 0.00685
1083 0.002904
1085 0.008685
1086 0.004658
1090 0.001213
1093 0.014305
1094 0.004135
1095 0.001529
1096 0.00295
1098 0.001382
1100 0.012767
1101 0.005609
1102 0.009935
1103 0.006026
1104 0.00338
1106 0.006002
1107 0.005118
1109 0.005511
1113 0.002445
1115 0.016951
1118 0.002845
1120 0.002248
1121 0.00098
1123 0.002259
1125 0.001941
1134 0.000732
1139 0.001786
49 0.008808
52 0.011209
1141 0.004931
1142 0.008426
1146 0.002729
1148 0.001887
1150 0.004023
1154 0.002007
1157 0.004286
1159 0.001999
1160 0.002378
1239 0.001158
1163 0.001253
1164 0.004891
1165 0.001583
1168 0.005472
1170 0
1171 0.001354
1176 0.006863
1187 0.004113
73 0.00458
84 0.003435
89 0.006386
1189 0.000711
1190 0.001678
1192 0.00706
1195 0.00533
1197 0.002599
99 0.001985
1198 0.004424
1205 0.004162
1206 0.011886
1207 0.001902
1209 0.001257
1210 0.002756
1211 0.00083
1212 0.002163
1213 0.00315
1232 0.010527
1223 0.005486
131 0.000793
160 0.008008
164 0.004019
167 0.00537
176 0
186 0.003276
194 0.002101
198 0.02035
199 0
209 0
221 0.005084
250 0.007735
260 0
267 0.008239
279 0.003441
285 0.007708
293 0.006967
296 0.009972
297 0.002234
329 0.00471
331 0.114878
332 0.010972
334 0.003177
339 0.05062
343 0.00656
345 0.005614
1224 0.002212
349 0.009385
350 0.020096
355 0.001616
356 0.015849
357 0.008758
358 0.012779
359 0.013669
360 0.027408
367 0.002713
374 0.007117
375 0.001125
377 0.002917
382 0
385 0.002427
388 0.004252
389 0.006538
390 0
391 0.005208
394 0.002771
395 0.070041
396 0.005375
397 0.004645
399 0.000885
400 0.004124
403 0.017432
406 0.002169
408 0.003747
411 0.008428
413 0.006584
418 0.007116
419 0.007517
422 0.00671
423 0.001575
426 0.00755
427 0.002513
428 0.005961
430 0.00119
432 0.003495
433 0.009683
434 0.007391
435 0.000395
436 0.004284
438 0.005185
443 0.006437
444 0.00138
446 0.004297
448 0.005135
451 0.006665
452 0.002589
453 0.002535
456 0.00131
458 0
459 0.002768
461 0.00501
464 0.017479
466 0.004359
469 0.004283
471 0.002045
480 0.004958
483 0.006654
485 0.00254
489 0.005068
499 0.007375
1218 0.028808
501 0.00179
503 0.003884
505 0.037098
507 0.00456
508 0.006049
510 0.004982
512 0.006323
513 0.004117
514 0.003191
516 0
521 0.01615
524 0.002746
530 0.001438
533 0.006043
537 0.005326
538 0.007403
540 0.010999
543 0.007925
544 0.003184
545 0.00684
548 0.002387
549 0.008726
550 0.004388
551 0.004759
554 0.020569
555 0.004547
556 0.010671
557 0.000788
558 0.047134
560 0.002928
564 0.056387
570 0.003613
571 0.005822
574 0.005045
575 0.005347
576 0.005098
577 0.001414
1233 0.003666
581 0.012077
583 0.001512
1230 0.004888
584 0.013619
588 0.001485
590 0.018042
592 0.002061
594 0.001563
602 0.00468
610 0.002944
611 0.002852
612 0.003259
614 0.015815
616 0.000705
621 0.000628
629 0.004797
632 0.004064
642 0.007534
643 0.002463
647 0.001631
649 0.001374
652 0.001977
654 0.004133
657 0.002804
658 0.008579
660 0.000841
662 0.004569
668 0.003823
674 0.001525
675 0.002068
677 0.004707
678 0.012921
679 0.003606
681 0.003002
682 0.000746
685 0.020524
687 0.001282
688 0.001978
690 0.001164
695 0.009279
700 0.00541
702 0.002253
703 0.003333
706 0.012752
707 0
708 0.003976
710 0
712 0.003177
714 0.001546
715 0.002251
716 0.000921
720 0
723 0.000816
724 0.002403
725 0.001175
727 0.004739
728 0.002326
729 0.002325
731 0.00442
732 0.002306
733 0.005688
742 0.004187
744 0.003601
745 0.004473
751 0.007785
752 0.008881
753 0.007542
754 0.003605
755 0
756 0.008281
759 0.001776
761 0.002474
765 0.014921
769 0.004725
770 0.000987
771 0.006263
772 0.001685
774 0.001739
775 0.00435
777 0.006206
778 0.001363
779 0.002364
783 0.005339
786 0.008834
787 0.000766
788 0.001249
789 0.007166
790 0.000978
791 0.002289
793 0.002513
795 0.018326
796 0.002978
797 0.003327
798 0.001832
800 0.003136
802 0.003269
803 0.002088
807 0.003528
808 0.003667
811 0.011499
813 0.00105
814 0.006952
816 0.001008
817 0.00844
818 0.099081
821 0.002096
822 0.014495
825 0.002858
827 0.003202
828 0.00689
829 0.006565
831 0.006559
841 0.006903
844 0.002148
849 0.002802
851 0.003149
852 0.002733
854 0.002766
885 0.013749
894 0.00922
906 0.010837
907 0.002196
909 0.009343
