108 0.005188
110 0.012797
1268 0
1259 0.040575
1250 0.004933
112 0.012492
113 0.005402
120 0
1271 0
122 0.00952
124 0.007184
1244 0.002715
126 0.011972
127 0
128 0.041844
1263 0.047941
132 0.01235
134 0
140 0.001697
141 0
145 0.015514
147 0.01214
148 0.030772
149 0.0067
150 0.012225
151 0.006081
152 0
154 0.01357
158 0.023538
168 0.016292
169 0.015294
171 0.021095
1288 0.016563
174 0.10696
175 0.020579
177 0
178 0.00593
1302 0.032157
179 0
181 0.004154
182 0.014731
1265 0.0105
184 0.018663
185 0.00761
188 0
189 0
191 0.006636
192 0.004204
195 0.010053
197 0.008311
1282 0.020043
1292 0.013169
204 0
205 0
212 0
214 0.011296
215 0.017985
216 0
217 0
223 0.028369
225 0.009928
227 0.017731
229 0
234 0
236 0.014679
237 0.006126
238 0.010381
239 0.004293
241 0.005917
242 0.003684
243 0.017304
245 0.008988
246 0
251 0.016205
252 0.016686
253 0
262 0.00865
266 0.00564
271 0.008401
274 0.019466
275 0.024482
276 0.016466
280 0.009025
283 0
284 0.00714
287 0.006465
289 0.025692
290 0.009129
291 0.020651
1226 0.020695
295 0.013633
298 0
299 0.009274
301 0
302 0.01546
1227 0.010183
304 0.016295
305 0
307 0.002559
315 0.028204
317 0.015429
1228 0.012536
324 0.019912
326 0.006442
328 0.003118
915 0.01359
916 0.007944
917 0.018536
918 0.013896
919 0.013093
920 0.003041
922 0.001549
924 0.006035
927 0.013958
928 0.005987
929 0.017702
931 0.014846
932 0.011219
934 0.002429
937 0.010043
938 0.006426
942 0.013398
3 0.019775
947 0
948 0.006365
949 0.014291
950 0.025088
952 0.018593
953 0.026768
954 0.023528
956 0.016439
958 0.013296
959 0.022778
960 0.004692
962 0.066232
965 0.017506
966 0.211446
967 0
968 0.016246
971 0
972 0.016123
977 0.024724
978 0.015115
979 0.017588
980 0.058057
981 0.017515
7 0.003282
983 0.032694
985 0.021513
986 0.013951
987 0
988 0.002412
989 0.010758
991 0.001737
994 0.006008
998 0.009781
1000 0.006816
1002 0
1003 0.009905
1004 0.006893
1008 0.010357
1009 0.003902
1011 0.007712
1017 0.004425
1023 0.008694
1025 0.028173
1026 0.014279
1030 0
1032 0.003779
1033 0.012211
1034 0.057983
1035 0.015811
1036 0.010781
1037 0.01267
1042 0.015188
1043 0.020202
1046 0.004066
1048 0.011271
1051 0.05391
1052 0.030152
1053 0.004035
1056 0.019985
1057 0.032805
1060 0.037453
1062 0.156255
1063 0.01478
1068 0.00336
1069 0.023903
1070 0.012367
1071 0.009491
1074 0.013057
1077 0.01849
1078 0.008654
1079 0.010707
1080 0.018857
39 0
1082 0
1083 0.008529
1085 0.009706
1086 0.026133
1090 0
1093 0.037979
1094 0.031105
1095 0.006791
1096 0
1098 0
1100 0.016546
1101 0.015336
1102 0.031827
1103 0.014667
1104 0.024345
1106 0.031201
1107 0.006448
1109 0.010304
1113 0.005775
1115 0
1118 0.003764
1120 0.007825
1121 0.008537
1123 0.018638
1125 0.019961
1134 0
1139 0.011492
49 0.018978
52 0.016908
1141 0.002045
1142 0.012639
1146 0.009641
1148 0.01276
1150 0.004313
1154 0.011951
1157 0.013545
1159 0
1160 0
1239 0
1163 0.004598
1164 0
1165 0.004723
1168 0.024067
1170 0.004877
1171 0.005062
1176 0
1187 0.014688
73 0.009684
84 0
89 0.026855
1189 0
1190 0
1192 0.032332
1195 0.005174
1197 0
99 0.012115
1198 0.008205
1205 0.015584
1206 0.011915
1207 0.006191
1209 0.006992
1210 0.006601
1211 0
1212 0.012331
1213 0.00424
1232 0.015739
1223 0
131 0.001847
160 0
164 0.017433
167 0.03137
176 0
186 0.016669
194 0.010265
198 0.007175
199 0.015169
209 0
221 0.004186
250 0.009869
260 0.015165
267 0.02863
279 0.009242
285 0.014694
293 0.023492
296 0.015986
297 0
329 0.0098
331 0.108964
332 0.02134
334 0.005441
339 0.027541
343 0.022074
345 0.015776
1224 0.026765
349 0
350 0.143203
355 0.004519
356 0.066422
357 0
358 0.018864
359 0
360 0.048927
367 0.01154
374 0.02905
375 0.006108
377 0.018243
382 0.013458
385 0
388 0
389 0.015726
390 0
391 0.012505
394 0.003587
395 0.107261
396 0.015573
397 0.032694
399 0.009066
400 0.018035
403 0.037233
406 0.013822
408 0.021804
411 0.047356
413 0
418 0.01657
419 0.02547
422 0.011721
423 0
426 0.017871
427 0.005517
428 0.018166
430 0.003188
432 0.015048
433 0.017394
434 0.037862
435 0.004038
436 0.012689
438 0
443 0.014637
444 0.002254
446 0.021041
448 0.014847
451 0.016186
452 0
453 0.009635
456 0.006267
458 0
459 0
461 0.002361
464 0.074977
466 0.011004
469 0
471 0.01386
480 0.024027
483 0.014415
485 0
489 0.010963
499 0
1218 0.072294
501 0.015501
503 0.022733
505 0
507 0
508 0.01581
510 0
512 0.033817
513 0.05574
514 0.027156
516 0.008584
521 0.034002
524 0.01619
530 0.014595
533 0.024771
537 0.030595
538 0.015935
540 0
543 0.090668
544 0.016515
545 0.026898
548 0.005449
549 0
550 0.013338
551 0.025665
554 0
555 0.019004
556 0.071384
557 0.019161
558 0.168933
560 0
564 0.028872
570 0.025489
571 0
574 0
575 0.006493
576 0.015403
577 0.008733
1233 0
581 0.021194
583 0.027253
1230 0.020047
584 0.003831
588 0
590 0.02336
592 0.016522
594 0.017051
602 0.030653
610 0.015159
611 0.030312
612 0.070344
614 0.090106
616 0.006631
621 0
629 0.04361
632 0.012986
642 0.013378
643 0.003803
647 0.005686
649 0.006131
652 0
654 0
657 0.021778
658 0
660 0.003748
662 0.009089
668 0
674 0.007911
675 0.001927
677 0.019207
678 0.035467
679 0
681 0.015674
682 0.013342
685 0
687 0.007862
688 0.017297
690 0.01247
695 0.011289
700 0.030241
702 0.021653
703 0.022534
706 0.018572
707 0
708 0.012207
710 0
712 0
714 0.0103
715 0
716 0.027649
720 0
723 0.007164
724 0.026583
725 0
727 0.009512
728 0.0077
729 0.013706
731 0.008718
732 0
733 0.005877
742 0.009221
744 0
745 0.012215
751 0.035225
752 0.021454
753 0.012777
754 0.02599
755 0.013649
756 0.041567
759 0.010295
761 0.030309
765 0.036975
769 0
770 0.003564
771 0.007074
772 0.010861
774 0.010097
775 0.066628
777 0.029857
778 0.012392
779 0.007587
783 0.016459
786 0.01472
787 0.018507
788 0.012825
789 0.018427
790 0.009504
791 0.010657
793 0.028367
795 0.004923
796 0.006872
797 0.017749
798 0.012376
800 0
802 0.03582
803 0.012592
807 0.005119
808 0.012754
811 0.02223
813 0.010424
814 0
816 0.012952
817 0.040208
818 0.505012
821 0.015535
822 0.029564
825 0.013718
827 0.033874
828 0.009233
829 0
831 0.018688
841 0.01984
844 0
849 0.009464
851 0.009134
852 0.021433
854 0.008498
885 0.027399
894 0.039301
906 0.014585
907 0.008153
909 0.014729
