108 0
110 0.001635
1268 0
1259 0
1250 0
112 0
113 0.000269
120 0
1271 0
122 0
124 0
1244 0
126 0
127 0
128 0
1263 0
132 0
134 0
140 0
141 0
145 0.032787
147 0
148 0
149 0
150 0.012531
151 0
152 0
154 0.032588
158 0
168 0
169 0
171 0.056493
1288 0
174 0
175 0
177 0.054124
178 0
1302 0
179 0
181 0
182 0.027614
1265 0
184 0
185 0
188 0
189 0.022918
191 0.028121
192 0
195 0
197 0
1282 0.045372
1292 0.003338
204 0.026452
205 0.030933
212 0.017334
214 0.035978
215 0.004115
216 0
217 0.020895
223 0.03154
225 0.044333
227 0.038038
229 0.025381
234 0.022832
236 0.046816
237 0
238 0.032128
239 0.011648
241 0.03492
242 0.030157
243 0.049554
245 0.044803
246 0.030681
251 0.041712
252 0.079425
253 0.038859
262 0.024978
266 0.022733
271 0.013918
274 0.0335
275 0.039336
276 0
280 0
283 0.023855
284 0.010441
287 0.030438
289 0.052886
290 0.017305
291 0.028145
1226 0.023431
295 0.082265
298 0.01536
299 0.02386
301 0.036635
302 0.049765
1227 0.030523
304 0.030341
305 0.040946
307 0.024597
315 0.03672
317 0.053113
1228 0
324 0.056571
326 0.018502
328 0
915 0.042936
916 0.029724
917 0.035911
918 0
919 0
920 0
922 0
924 0
927 0
928 0.045738
929 0
931 0.052202
932 0.038925
934 0
937 0.03504
938 0.056672
942 0
3 0.07668
947 0.036077
948 0.038619
949 0
950 0.019766
952 0.042413
953 0
954 0.038165
956 0
958 0.042962
959 0.025758
960 0.01232
962 0
965 0.009436
966 0.003066
967 0
968 0.037994
971 0
972 0.052864
977 0
978 0.030389
979 0.021864
980 0.031363
981 0.044128
7 0.032188
983 0
985 0.026089
986 0.015078
987 0.035283
988 0.003115
989 0.046232
991 0.007568
994 0
998 0
1000 0.0036
1002 0.02288
1003 0.039065
1004 0.034566
1008 0
1009 0.041683
1011 0
1017 0.013085
1023 0.014388
1025 0
1026 0
1030 0.016313
1032 0.014157
1033 0.044659
1034 0.05542
1035 0
1036 0
1037 0.038339
1042 0.033184
1043 0.052572
1046 0.000168
1048 0.019819
1051 0.067431
1052 0
1053 0
1056 0
1057 0
1060 0
1062 0
1063 0
1068 0
1069 0.038928
1070 0.027566
1071 0.008398
1074 0.049491
1077 0.034308
1078 0.001851
1079 0
1080 0.029102
39 0.034836
1082 0
1083 0
1085 0.052855
1086 0
1090 0
1093 0.020814
1094 0
1095 0.018675
1096 0
1098 0.025488
1100 0.04667
1101 0
1102 0.050292
1103 0
1104 0
1106 0.047302
1107 0.054655
1109 0.025086
1113 0.049253
1115 0.050503
1118 0.013429
1120 0.031512
1121 0.004442
1123 0.001207
1125 0
1134 0.024311
1139 0.02761
49 0.023106
52 0.043331
1141 0.017743
1142 0.026014
1146 0
1148 0
1150 0
1154 0
1157 0
1159 0.026164
1160 0.035304
1239 0
1163 0
1164 0.02037
1165 0.014841
1168 0
1170 0.028655
1171 0.018927
1176 0.031269
1187 0.073004
73 0
84 0
89 0.113333
1189 0.019795
1190 0
1192 0.046723
1195 0.022616
1197 0
99 0.061889
1198 0.029025
1205 0
1206 0.02817
1207 0.009558
1209 0.043799
1210 0
1211 0
1212 0
1213 0.004798
1232 0.047029
1223 0.049309
131 0
160 0.058391
164 0.04117
167 0
176 0.032571
186 0
194 0
198 0.017504
199 0.018567
209 0.034694
221 0.021835
250 0.035727
260 0.037327
267 0.021935
279 0
285 0
293 0.079787
296 0
297 0
329 0
331 0.004191
332 0.044101
334 0.026768
339 0.026802
343 0.043754
345 0.030944
1224 0
349 0
350 0
355 0
356 0
357 0.046754
358 0.042211
359 0.001538
360 0
367 0.003716
374 0.043654
375 0
377 0
382 0.07166
385 0
388 0.004002
389 0
390 0.03368
391 0.033203
394 0
395 0.004264
396 0.061601
397 0
399 0
400 0
403 0
406 0.041738
408 0
411 0
413 0.008731
418 0
419 0
422 0.023198
423 0.072444
426 0
427 0
428 0.055237
430 0.004585
432 0
433 0.037954
434 0.041987
435 0
436 0
438 0
443 0.036336
444 0
446 0.036602
448 0.042924
451 0
452 0
453 0
456 0.042596
458 0.050033
459 0.005861
461 0.003438
464 0.028542
466 0.035396
469 0
471 0.055308
480 0.030169
483 0.045258
485 0
489 0
499 0.02435
1218 0
501 0
503 0.047208
505 0.029934
507 0.02374
508 0.021928
510 0.031838
512 0
513 0.004917
514 0.014925
516 0
521 0.040141
524 0.036033
530 0
533 0
537 0.008213
538 0.036799
540 0.016026
543 0.040382
544 0.029437
545 0
548 0
549 0.000485
550 0
551 0
554 0.035171
555 0.039897
556 0.000204
557 0
558 0.019224
560 0.024298
564 0.032889
570 0.026792
571 0.053545
574 0.017105
575 0
576 0.031353
577 0
1233 0.015193
581 0.066302
583 0
1230 0
584 0.022724
588 0
590 0.033936
592 0
594 0
602 0
610 0
611 0
612 0
614 0.002641
616 0.026398
621 0
629 0
632 0
642 0.024379
643 0.018633
647 0
649 0.006411
652 0
654 0.050157
657 0
658 0.024129
660 0.027518
662 0.012581
668 0.026766
674 0
675 0
677 0
678 0.039588
679 0.013773
681 0
682 0.011157
685 0.040247
687 0
688 0
690 0.040788
695 0.03422
700 0.042712
702 0
703 0.043812
706 0.030027
707 0.032947
708 0.028914
710 0.029772
712 0.03955
714 0.06195
715 0.009912
716 0
720 0.094518
723 3e-04
724 0
725 0.032349
727 0.025561
728 0.009836
729 0
731 0
732 0
733 0.015435
742 0.023964
744 0
745 0.020524
751 0.024156
752 0
753 0.049148
754 0.042437
755 0.044136
756 0
759 0
761 0.035392
765 0.037882
769 0.051539
770 0
771 0.036832
772 0
774 0.017796
775 0.003362
777 0.047457
778 0
779 0.007282
783 0.047094
786 0.03594
787 0
788 0
789 0.010248
790 0
791 0.064255
793 0
795 0.043486
796 0.031714
797 0.055948
798 0
800 0.025166
802 0.038015
803 0.056015
807 0.027701
808 0.026237
811 0.035199
813 0
814 0.040523
816 0.01753
817 0.048535
818 0.026705
821 0
822 0
825 0.03975
827 0
828 0.022207
829 0.003184
831 0.037308
841 0.065728
844 0.000848
849 0.018301
851 0
852 0
854 0.03447
885 0.031214
894 0
906 0
907 0.045687
909 0.004642
