108 0
110 0
1268 0
1259 0
1250 0
112 0
113 0
120 0
1271 0
122 0
124 0
1244 0
126 0
127 3e-05
128 0
1263 0
132 0
134 0
140 0
141 0
145 0
147 0
148 0
149 0
150 0.000161
151 0
152 0
154 0
158 0
168 0
169 6.03e-05
171 0
1288 3.43e-05
174 0
175 6.96e-05
177 0
178 0
1302 0.000539
179 0.000219
181 7.7e-05
182 6.53e-05
1265 6.59e-05
184 0
185 0
188 0
189 0.000214
191 0.000137
192 0.000309
195 0
197 0
1282 6.76e-05
1292 0
204 0
205 0
212 0
214 0.000266
215 0
216 0
217 0
223 0.00021
225 0
227 0.000494
229 9.45e-05
234 0.000549
236 0
237 0
238 0.001039
239 0
241 0
242 0
243 0.000765
245 0
246 0
251 0.000847
252 0
253 0
262 0
266 0
271 0
274 0
275 0
276 0.000252
280 0
283 0
284 0
287 0
289 0
290 0
291 0
1226 0
295 0.00138
298 0
299 0
301 0
302 0
1227 9.4e-05
304 0
305 0
307 0
315 0
317 0.000409
1228 0
324 0.001157
326 0
328 0
915 0.000146
916 0
917 0.000363
918 0
919 0
920 0.000104
922 0.001815
924 0
927 0
928 0.001042
929 0.000129
931 0
932 0.00036
934 8.21e-05
937 0
938 0.00064
942 0.00039
3 0
947 0.001234
948 0.000573
949 0.000242
950 0
952 0
953 0.000367
954 0
956 0
958 0.000335
959 0
960 0.000405
962 0
965 0
966 0
967 0
968 0.000488
971 0
972 0.000359
977 0
978 0
979 0
980 0
981 0
7 0
983 0
985 0
986 0.000216
987 0
988 9.77e-05
989 0
991 0
994 0
998 0.000103
1000 8.83e-05
1002 0
1003 0
1004 0
1008 0.000162
1009 9.96e-05
1011 0
1017 0.000144
1023 0
1025 0.000324
1026 0.000345
1030 0.00014
1032 8.25e-05
1033 0.000331
1034 0.000381
1035 0.002121
1036 0
1037 0.000835
1042 0.000352
1043 0.001771
1046 0
1048 0.000349
1051 0
1052 0.00031
1053 0
1056 0.000137
1057 0.000182
1060 0
1062 0
1063 0.000386
1068 0
1069 0
1070 0.00017
1071 0.00019
1074 0.000413
1077 0
1078 7.34e-05
1079 0
1080 0.001429
39 0
1082 3.26e-05
1083 0
1085 0.000416
1086 8.02e-05
1090 0.000192
1093 0
1094 4.4e-05
1095 0
1096 7.54e-05
1098 0.000319
1100 0
1101 0
1102 0
1103 0.000159
1104 0.000872
1106 0.000751
1107 0.000228
1109 0
1113 0
1115 0.000194
1118 0
1120 0
1121 0.000105
1123 0.000229
1125 0
1134 0
1139 0
49 0
52 0
1141 0.000125
1142 0
1146 0.000128
1148 0
1150 0
1154 0
1157 0.000153
1159 0
1160 0.000202
1239 0
1163 0.000288
1164 0.000406
1165 0
1168 8.03e-05
1170 0.000191
1171 0
1176 0.00015
1187 0.000351
73 0.000247
84 0.000116
89 0.002103
1189 0
1190 0.000171
1192 0
1195 0.000161
1197 0.000119
99 0.000939
1198 0.000152
1205 0.000121
1206 0
1207 0
1209 0
1210 0
1211 0
1212 0
1213 0
1232 0
1223 0
131 0
160 0
164 0.000781
167 0
176 0
186 0
194 0
198 0
199 0
209 7.35e-05
221 0
250 0
260 0.000764
267 0
279 0
285 0
293 0
296 0
297 0
329 0
331 0
332 0
334 0
339 0.000329
343 0.001035
345 0
1224 0
349 0
350 3.46e-05
355 1.87e-05
356 0
357 0
358 0
359 0
360 0
367 0
374 0
375 0
377 0
382 0
385 0
388 0
389 0
390 0.000607
391 0.000219
394 0
395 0
396 0
397 0
399 0
400 0
403 0
406 0
408 0
411 5.6e-05
413 0
418 0
419 0
422 0
423 0
426 0
427 0.000199
428 0
430 0.000306
432 0.000123
433 0
434 0
435 0
436 0
438 0
443 0.000628
444 0.000107
446 0
448 0.001978
451 0.000316
452 0.000152
453 0
456 0
458 0.000227
459 0.000549
461 0
464 0
466 0.000385
469 0
471 0.000463
480 0
483 0
485 0
489 0.000128
499 0.000232
1218 0
501 0
503 0
505 0
507 0
508 0.000146
510 0
512 0.000389
513 0
514 0
516 0
521 0.000249
524 0
530 0.000306
533 0
537 0
538 0
540 0
543 0
544 0.000657
545 0
548 0
549 0
550 0
551 0
554 0.000112
555 0.000603
556 7.48e-05
557 0.000248
558 5.18e-05
560 0
564 0
570 0.00019
571 0.000469
574 6e-04
575 0.000125
576 0.00019
577 0.000128
1233 0
581 0
583 0
1230 0.000112
584 0
588 0
590 0.000408
592 0.000171
594 0
602 0
610 0.000287
611 2.53e-05
612 0
614 4.76e-05
616 6.66e-05
621 0
629 0
632 0
642 0
643 0
647 0.000138
649 0.000226
652 0
654 0
657 0.000133
658 5.2e-05
660 0
662 0
668 0.000352
674 0
675 0.000129
677 0
678 0
679 0
681 0
682 0
685 0
687 0
688 0
690 0.000704
695 0
700 0
702 0
703 0
706 0.000199
707 0
708 0
710 0.000622
712 0.000761
714 0.00044
715 0
716 0
720 0
723 0
724 0.004961
725 0.000264
727 0.00111
728 0
729 0.00027
731 0.000114
732 0
733 0
742 0
744 0.000308
745 0.000196
751 6.73e-05
752 0.000109
753 0.000204
754 0
755 0.000431
756 6.15e-05
759 0.000129
761 0.000809
765 0
769 0.000172
770 0
771 0
772 0.00015
774 0.000175
775 0
777 0.000178
778 0.000168
779 0
783 0
786 0.000533
787 0.000269
788 0.003113
789 0
790 0.000162
791 0.000774
793 0.000317
795 0.000167
796 0.000194
797 0
798 0.000416
800 0.000384
802 0.000631
803 0
807 0
808 0.000452
811 0
813 5.85e-05
814 9.43e-05
816 0.000509
817 0.00051
818 0
821 0.000944
822 0
825 0.000281
827 0.000115
828 0.000518
829 0.000222
831 0.000552
841 0
844 0.000121
849 0.000148
851 0
852 0
854 0.001096
885 0
894 0
906 0
907 0.000244
909 7.78e-05
