108 0.006898
110 0
1268 0.018722
1259 0.006382
1250 0.00091
112 0
113 0.003012
120 0.043747
1271 0.032972
122 0.096162
124 0.001926
1244 0.002328
126 0.000269
127 0.05077
128 0
1263 0.024899
132 0.002861
134 0.137729
140 0.111909
141 0.159377
145 0
147 0.01476
148 0.050403
149 0.016158
150 0
151 0
152 0.039409
154 0
158 0.12513
168 0.004187
169 0.056378
171 0
1288 0
174 0.029545
175 0.02124
177 0
178 0.165023
1302 0
179 0.0088
181 0.00107
182 0
1265 0.00339
184 0.204589
185 0
188 0.154768
189 0
191 0
192 0.015453
195 0.129382
197 0
1282 0
1292 0.033094
204 0
205 0
212 0
214 0
215 0
216 0.103281
217 0
223 0
225 0
227 0
229 0.083714
234 0
236 0
237 0
238 0
239 0.000456
241 0
242 0
243 0
245 0
246 0
251 0
252 0
253 0
262 0.000648
266 0
271 0
274 0
275 0
276 0.111946
280 0
283 0
284 0
287 0
289 0
290 0.05489
291 0.00058
1226 0
295 0
298 0
299 0
301 0.026625
302 0
1227 0
304 0
305 0
307 0
315 0
317 0
1228 0.081941
324 0
326 0
328 0.013888
915 0
916 0
917 0
918 0.121398
919 0.039485
920 0.05636
922 0
924 0.063083
927 0.042816
928 0
929 0.047508
931 0
932 0
934 0.042406
937 0
938 0
942 0.028939
3 0
947 0
948 0
949 0.104221
950 0
952 0
953 0
954 0
956 0.299606
958 0
959 0
960 0
962 0.084576
965 0
966 0.138171
967 0.046198
968 0
971 0.068553
972 0
977 0.089194
978 0
979 0
980 0
981 0
7 0
983 0
985 0
986 0
987 0.025364
988 0
989 0
991 0.028048
994 0
998 0.018633
1000 0.291188
1002 0.001391
1003 0
1004 0
1008 0
1009 0
1011 0.038513
1017 0
1023 0
1025 0.208719
1026 0
1030 0
1032 0
1033 0
1034 0
1035 0
1036 0.021322
1037 0
1042 0
1043 0
1046 0.048234
1048 0
1051 0
1052 0.145237
1053 0.094298
1056 0
1057 0.059407
1060 0.003128
1062 0
1063 0
1068 0
1069 0
1070 0
1071 0.139473
1074 0
1077 0
1078 0.018548
1079 0.019982
1080 0
39 0
1082 0.030096
1083 0
1085 0
1086 0
1090 0.065405
1093 0
1094 0.007582
1095 0
1096 0.161351
1098 0
1100 0
1101 0
1102 0
1103 0.080535
1104 0
1106 0
1107 0
1109 0.151499
1113 0
1115 0
1118 0
1120 0
1121 0.222387
1123 0
1125 0.024548
1134 0
1139 0
49 0
52 0
1141 0
1142 0
1146 0.087213
1148 0.13793
1150 0.01856
1154 0
1157 0.076468
1159 0
1160 0.127052
1239 0.100692
1163 0
1164 0
1165 0
1168 0.026079
1170 0
1171 0
1176 0
1187 0
73 0.076765
84 0.008392
89 0
1189 0
1190 0.002124
1192 0
1195 0
1197 0.072404
99 0
1198 0
1205 0.062991
1206 0
1207 0
1209 0
1210 0.046398
1211 0.055915
1212 0
1213 0
1232 0
1223 0
131 0.270919
160 0
164 0
167 0
176 0
186 0
194 0.105788
198 0
199 0
209 0
221 0
250 0
260 0
267 0
279 0.187883
285 0.10717
293 0
296 0.158376
297 0.316799
329 0.133221
331 0
332 0
334 0
339 0
343 0
345 0
1224 0
349 0.068604
350 0.114881
355 0
356 0.137652
357 0
358 0
359 0.095244
360 0.04105
367 0
374 0
375 0.058899
377 0.13197
382 0
385 0.268958
388 0
389 0
390 0
391 0
394 0
395 0
396 0
397 0.20893
399 0.129047
400 0.046402
403 0
406 0
408 0.083922
411 0.134102
413 0.006077
418 0
419 0.146904
422 0.140528
423 0
426 0
427 0.034798
428 0
430 0.032157
432 0
433 0
434 0
435 0.063251
436 0
438 0.00333
443 0
444 0.059214
446 0
448 0
451 0.059963
452 0.064458
453 0.046316
456 0
458 0
459 0
461 0
464 0
466 0
469 0.041808
471 0
480 0
483 0
485 0.06958
489 0
499 0.000553
1218 0.024159
501 0
503 0
505 0
507 0
508 0
510 0
512 0.026395
513 0
514 0
516 0.191319
521 0
524 0
530 0.18754
533 0.243898
537 0
538 0
540 0
543 0
544 0
545 0.048914
548 0.01213
549 0.010322
550 0
551 0.135067
554 0
555 0
556 0.021923
557 0.097689
558 0.025668
560 0
564 0
570 0
571 0
574 0
575 0.042222
576 0
577 0
1233 0
581 0
583 0.046622
1230 0.068974
584 0
588 0
590 0
592 0.069613
594 0.109024
602 0.101463
610 0.144195
611 0.151015
612 0.090479
614 0.21524
616 0
621 0.099491
629 0.100096
632 0.169702
642 0
643 0
647 0.008282
649 0
652 0.079562
654 0
657 0.1451
658 0
660 0
662 0
668 0.000635
674 0
675 0.009846
677 0.037387
678 0
679 0
681 0.094558
682 0
685 0
687 0
688 0.09898
690 0
695 0
700 0
702 0.159798
703 0
706 0
707 0
708 0
710 0
712 0
714 0
715 0
716 0.150029
720 0
723 0.024953
724 0
725 0
727 0
728 0
729 0.008242
731 0
732 0.33164
733 0
742 0
744 0.060423
745 0
751 0
752 0.272538
753 0.045208
754 0
755 0
756 0.045376
759 0.202515
761 0
765 0
769 0
770 0
771 0
772 0.020826
774 0
775 0.093202
777 0
778 0.05439
779 0
783 0
786 0
787 0
788 0
789 0
790 0.110272
791 0
793 0.089132
795 0
796 0
797 0
798 0.095942
800 0.081026
802 0
803 0
807 0
808 0
811 0
813 0
814 0
816 0
817 0
818 0
821 0
822 0.271573
825 0
827 0
828 0
829 0
831 0
841 0
844 0
849 0
851 0
852 0.021761
854 0
885 0
894 0.169165
906 0
907 0
909 0
