108 0
110 0
1268 0
1259 0.000371
1250 0
112 0
113 0.00017
120 0
1271 0.000823
122 0
124 0
1244 0
126 0
127 0
128 0
1263 0.000933
132 0
134 0
140 0
141 0.013773
145 0
147 0.000505
148 0
149 0.000284
150 0
151 0
152 0
154 0
158 0.007929
168 0
169 0
171 0
1288 0
174 0.001753
175 0
177 0.001012
178 0
1302 0
179 0
181 8.01e-05
182 0.000417
1265 2.27e-05
184 0
185 0
188 0
189 0
191 0.000516
192 0
195 0
197 0
1282 0
1292 0
204 0.000432
205 0
212 0.001915
214 0
215 0
216 0
217 0.00105
223 0
225 0
227 0
229 0.002301
234 0.00023
236 0
237 0
238 0
239 0
241 0
242 0
243 0
245 0.001742
246 0
251 0
252 0
253 0
262 0
266 0
271 0
274 0
275 0
276 0
280 0
283 0
284 0.000593
287 0.001253
289 0
290 0.001753
291 0
1226 0
295 0
298 0.001562
299 0
301 0
302 0.001435
1227 0
304 1.18e-05
305 0
307 0
315 0
317 0
1228 0
324 0
326 0
328 0.000829
915 0.000884
916 0
917 0
918 0
919 0
920 0
922 0
924 0
927 0
928 0
929 0.001764
931 0
932 0
934 0
937 0.000863
938 0
942 0
3 0
947 0
948 0
949 0
950 0
952 0
953 0
954 0
956 0
958 0
959 0
960 0
962 0
965 0
966 0
967 0
968 0
971 0
972 0
977 0
978 0
979 0
980 0
981 0
7 0
983 0
985 0
986 0
987 0.003429
988 0
989 0
991 0.001652
994 0
998 0.000396
1000 0
1002 0
1003 0
1004 0
1008 0
1009 0
1011 0.001254
1017 0.003184
1023 0.00024
1025 0
1026 0
1030 0.000419
1032 0
1033 0
1034 0
1035 0
1036 0
1037 0
1042 0
1043 0
1046 0.003981
1048 0
1051 0
1052 0
1053 0.0021
1056 0
1057 0
1060 0
1062 0
1063 0
1068 0
1069 0
1070 0
1071 0.007977
1074 0
1077 0
1078 0.001019
1079 0
1080 0
39 0.000423
1082 0
1083 0
1085 0
1086 0
1090 0
1093 0
1094 0
1095 0
1096 0.010653
1098 0
1100 0
1101 0
1102 0
1103 0
1104 0
1106 0
1107 0
1109 0.001644
1113 0
1115 0.000128
1118 0
1120 0
1121 0
1123 0
1125 0.000972
1134 0.003739
1139 0
49 0
52 0
1141 0.00085
1142 0
1146 0
1148 0
1150 0
1154 0
1157 0
1159 0
1160 0
1239 0
1163 0
1164 0.001641
1165 3.86e-05
1168 0
1170 0.000197
1171 0
1176 0.000245
1187 0
73 0
84 0
89 0
1189 0
1190 0
1192 0
1195 0
1197 0
99 0
1198 0
1205 0
1206 0.000314
1207 0.002581
1209 0
1210 0
1211 0
1212 0
1213 0
1232 0
1223 0.000465
131 0
160 0
164 0.000152
167 0
176 0
186 0
194 0
198 0
199 0
209 0
221 0.001163
250 0
260 0
267 0
279 0
285 0
293 0
296 0
297 0
329 0
331 6.9e-05
332 0
334 0
339 0
343 0
345 0
1224 0
349 0
350 0
355 0
356 0
357 0
358 0
359 0
360 0
367 0
374 0
375 0
377 0
382 0
385 0
388 0
389 0
390 0
391 0
394 0
395 0
396 0
397 0
399 0
400 0
403 0
406 0
408 0.007074
411 0
413 0.000515
418 0
419 0
422 0.01184
423 0
426 0
427 0
428 0
430 0.000338
432 0
433 0
434 0
435 0
436 0
438 0
443 0
444 0
446 0
448 0
451 0
452 0
453 0
456 0
458 8.48e-05
459 0.000257
461 0.000124
464 0
466 0.000147
469 0
471 0
480 0
483 0
485 0
489 0
499 0
1218 0
501 0
503 0.000612
505 0.000717
507 9.48e-05
508 0
510 0
512 0
513 0
514 0
516 0
521 0
524 0
530 0
533 0
537 0
538 0
540 0
543 0
544 0
545 0
548 0
549 0.000374
550 0
551 0
554 0
555 0
556 0
557 0
558 0.006392
560 0
564 4.72e-05
570 0
571 0.000302
574 0
575 0
576 0
577 0
1233 0
581 0
583 0
1230 0
584 0
588 0
590 0
592 0
594 0
602 0
610 0
611 0.012226
612 0
614 0
616 0
621 0
629 0
632 0
642 0
643 0
647 0.000172
649 0.001131
652 0
654 0
657 0
658 0.001545
660 0
662 0
668 0.001846
674 0
675 0.000465
677 0
678 0
679 0.001344
681 0
682 8.42e-05
685 0
687 0
688 0
690 0
695 0
700 0
702 0
703 0
706 0
707 0.000171
708 0
710 0
712 0.001148
714 0
715 0.000961
716 0.005616
720 0
723 0
724 0
725 0.001226
727 0
728 0
729 0.000185
731 0
732 0
733 0
742 0
744 0
745 0
751 6.59e-05
752 0
753 0.002764
754 0
755 0
756 0
759 0
761 0
765 0
769 0.002117
770 0
771 0
772 0.001316
774 0
775 0
777 0
778 0
779 0
783 0
786 0
787 0
788 0
789 0
790 0
791 0
793 0
795 0
796 0
797 0
798 0
800 0.00153
802 0
803 0.000805
807 0
808 0
811 0
813 0
814 0.001267
816 0
817 0
818 0.000259
821 0
822 0
825 0
827 0
828 0
829 0.000124
831 0
841 0
844 0
849 0
851 0
852 0.001417
854 0
885 0
894 0
906 0
907 0
909 0
