108 1
110 0
1268 1
1259 1
1250 1
112 1
113 1
120 0.84315
1271 0.627586
122 1
124 1
1244 0
126 1
127 1
128 1
1263 0.686899
132 0
134 1
140 0.807774
141 0.746265
145 0.478879
147 1
148 0.832766
149 1
150 0.896297
151 1
152 1
154 0.933042
158 1
168 0.905298
169 0.909754
171 0.710955
1288 1
174 0.77959
175 0.867569
177 0
178 0
1302 0
179 1
181 0
182 0
1265 0
184 0
185 0
188 0
189 1
191 0
192 0.764638
195 0.774197
197 0
1282 0
1292 0
204 1
205 1
212 0.819859
214 1
215 1
216 0.889581
217 1
223 0.666774
225 0.794656
227 0.826061
229 1
234 1
236 1
237 1
238 1
239 1
241 1
242 1
243 1
245 1
246 1
251 0
252 0
253 0
262 0
266 0
271 1
274 1
275 0
276 0.865889
280 1
283 0
284 1
287 1
289 0.757235
290 0
291 0
1226 1
295 1
298 1
299 1
301 1
302 0.530001
1227 1
304 1
305 0
307 1
315 0.796669
317 0.722678
1228 0.747887
324 1
326 1
328 1
915 0
916 0
917 0
918 1
919 0
920 0
922 0
924 1
927 1
928 0
929 0
931 1
932 1
934 0
937 1
938 1
942 0
3 0
947 1
948 1
949 0.468931
950 0
952 1
953 1
954 1
956 0
958 1
959 1
960 1
962 1
965 0
966 0.813661
967 1
968 0.85692
971 0.362915
972 1
977 1
978 1
979 0
980 1
981 1
7 0
983 1
985 1
986 1
987 1
988 1
989 1
991 1
994 1
998 1
1000 1
1002 1
1003 0
1004 0
1008 0
1009 1
1011 1
1017 0
1023 0
1025 1
1026 0
1030 0
1032 0
1033 0
1034 1
1035 1
1036 0
1037 1
1042 0.72496
1043 0
1046 0
1048 1
1051 1
1052 0.686656
1053 0
1056 1
1057 0.93634
1060 0
1062 1
1063 0.802117
1068 1
1069 0.892158
1070 1
1071 0
1074 0
1077 1
1078 0
1079 0.737602
1080 1
39 0
1082 1
1083 1
1085 1
1086 0.894228
1090 1
1093 1
1094 1
1095 1
1096 0.46374
1098 1
1100 1
1101 1
1102 1
1103 0.395399
1104 1
1106 0.697442
1107 0
1109 0
1113 1
1115 1
1118 0
1120 1
1121 0
1123 0.42176
1125 1
1134 0
1139 0
49 0
52 0
1141 1
1142 1
1146 0
1148 1
1150 1
1154 1
1157 1
1159 1
1160 1
1239 1
1163 1
1164 1
1165 1
1168 0.920722
1170 1
1171 1
1176 1
1187 0.818246
73 0
84 0
89 1
1189 0
1190 0
1192 1
1195 1
1197 0
99 1
1198 1
1205 1
1206 1
1207 0
1209 1
1210 0
1211 1
1212 1
1213 1
1232 1
1223 1
131 1
160 0
164 0
167 1
176 1
186 0
194 1
198 1
199 0
209 1
221 1
250 0
260 1
267 1
279 1
285 1
293 1
296 1
297 1
329 1
331 0
332 1
334 1
339 0
343 0
345 1
1224 1
349 1
350 0
355 0.679591
356 1
357 0.916441
358 0.608452
359 1
360 1
367 0.70709
374 0
375 1
377 0.828927
382 1
385 1
388 1
389 1
390 1
391 1
394 1
395 0.363343
396 0.935641
397 0.921643
399 1
400 0
403 1
406 1
408 1
411 0.870282
413 0
418 0
419 0
422 1
423 1
426 0
427 0
428 0.596284
430 0
432 0
433 0
434 1
435 1
436 0
438 0
443 0
444 1
446 1
448 0
451 0
452 1
453 1
456 1
458 1
459 0
461 1
464 0
466 1
469 0.760981
471 0.920574
480 1
483 0.694945
485 0.609412
489 0
499 1
1218 0.876222
501 1
503 0.914467
505 1
507 1
508 0
510 1
512 1
513 0.709361
514 1
516 1
521 0
524 0.895444
530 1
533 1
537 0
538 1
540 1
543 0.706685
544 0
545 0
548 1
549 0
550 0
551 0
554 1
555 0
556 0
557 0
558 0.718465
560 0
564 1
570 0.860774
571 1
574 1
575 1
576 1
577 1
1233 1
581 1
583 0.920492
1230 0.624529
584 1
588 1
590 1
592 0.504435
594 1
602 0.828471
610 1
611 0
612 0.791863
614 0
616 1
621 0.856589
629 0.787867
632 1
642 0.889944
643 0
647 0
649 0
652 0
654 0
657 0.603572
658 0
660 0
662 0
668 0.651523
674 0.838956
675 0.675076
677 0.400986
678 0
679 0.435546
681 1
682 1
685 1
687 1
688 0.677729
690 1
695 0.610502
700 0.862956
702 0.465675
703 0.642692
706 1
707 1
708 0.785066
710 1
712 1
714 0.611365
715 1
716 0.915959
720 1
723 0
724 0
725 1
727 0
728 1
729 0.051607
731 0
732 1
733 0.270368
742 0.764982
744 0.665548
745 1
751 0.63929
752 1
753 0.435688
754 0.835276
755 0.726644
756 0
759 0.726103
761 0
765 0
769 0.710942
770 1
771 0.533765
772 0.83069
774 0.65425
775 0.855626
777 0.762793
778 0.63538
779 0.808454
783 0.870265
786 0.693791
787 1
788 0.706872
789 1
790 0.381392
791 0.748611
793 0.771514
795 0.512046
796 0.941196
797 0.942115
798 0.818722
800 0.966201
802 1
803 1
807 0.829467
808 0.860256
811 0.616493
813 1
814 0.884211
816 0.789733
817 1
818 0
821 1
822 0
825 0
827 0
828 0
829 0
831 0
841 0
844 0
849 0.660652
851 0.738406
852 0
854 1
885 0
894 0
906 0
907 0.825864
909 0
