108 34.2522684966301
110 36.8287484410679
1268 24.2076489881167
1259 57.708440033545
1250 40.8621161297181
112 62.2470190999641
113 76.5278211476659
120 71.7611449883486
1271 62.2344529073798
122 55.9148082481149
124 77.206440081926
1244 80.5068933920175
126 45.9370353124373
127 75.0242998159479
128 61.3498787811079
1263 60.3287393145449
132 36.6490646571648
134 34.7418606940382
140 33.759367107877
141 73.1630342140509
145 3.68495115119007
147 43.7493994660569
148 7.86022947460673
149 61.3205893973272
150 12.8496843531179
151 18.7937961133598
152 16.418925245331
154 12.9449801962187
158 111.00122624925
168 64.9387109285284
169 63.1392642238638
171 2.83130930744469
1288 67.9557740575994
174 101.654414321626
175 96.2015914580267
177 10.186307826171
178 10.3794307553682
1302 4.30272656541224
179 33.11578800158
181 39.6218589788336
182 59.3602655180267
1265 98.0311189864733
184 37.7071903972286
185 15.3088683826288
188 36.9647132451092
189 13.9264796104687
191 33.1976154394688
192 25.7267477492791
195 43.3142157779591
197 8.97504983032318
1282 31.9907097269693
1292 36.3225137532517
204 41.991504272563
205 26.6001085759539
212 20.014125332456
214 12.0463492262115
215 25.3131524212748
216 45.3226006267551
217 44.4596871776895
223 12.5259218979092
225 12.3393453112743
227 11.8938506692934
229 37.9290774724186
234 14.5402093065302
236 13.1060711043674
237 67.9946379815404
238 4.72791415152973
239 19.8361576773828
241 51.6111354293115
242 7.07211145741809
243 5.64268862962284
245 41.7242060897649
246 47.5590053902418
251 5.67077157684463
252 1.67789117674621
253 35.6963593759139
262 36.9785326155989
266 62.8658070257251
271 56.5653158743139
274 56.745787504302
275 13.8340101614827
276 27.8600805963767
280 54.3961987779222
283 24.6300211061755
284 147.782970165064
287 25.0041105438685
289 13.494904977815
290 57.1151965593856
291 51.8999092659393
1226 42.6117948471972
295 2.5071573653397
298 39.1848055112789
299 21.574058334827
301 29.280001433472
302 53.8164578949507
1227 48.1151445515859
304 22.434222605242
305 58.4058916323667
307 38.0739134216578
315 20.8540405590927
317 10.6389550778897
1228 21.9158470142728
324 7.53008662869151
326 34.6149298561907
328 90.220098713877
915 41.8058440241905
916 44.6784946339318
917 11.6126359419736
918 32.7956544832973
919 23.0810013377671
920 79.5608242955372
922 2.7417738412786
924 22.3038279367858
927 6.24065067743408
928 9.4674009144914
929 62.6933065276807
931 9.46883910091444
932 18.8374240764078
934 73.9380673472907
937 32.7485549735331
938 18.2496108587824
942 36.5437295335544
3 9.91061874732627
947 8.99577307982149
948 17.047305957276
949 25.1039481979484
950 34.9974959029016
952 7.01024208302551
953 20.4295288394522
954 13.6736369522235
956 55.3249432088223
958 22.5915813057253
959 5.88559240982712
960 22.4708185506891
962 22.4935318350833
965 5.87274975403515
966 38.9058800859736
967 52.7749728895783
968 9.93585766911527
971 39.0120330518776
972 21.9843488902934
977 74.7783634028011
978 15.1739199753236
979 9.65653431543966
980 37.5729218553574
981 37.0535201502834
7 16.3060733667485
983 2.85506007175505
985 41.6082703246339
986 44.5908551341649
987 81.1825274648734
988 67.4779435862183
989 15.7264982926766
991 34.1144886311222
994 37.6393879050874
998 70.6727744940372
1000 38.4064233518466
1002 22.4071869549767
1003 7.73703315698497
1004 29.5029850199939
1008 49.2928402264627
1009 28.4794125436553
1011 84.0037637342259
1017 54.9911323045221
1023 24.7427813786416
1025 12.3382486052311
1026 20.1852713605367
1030 33.3007123025405
1032 104.475105362269
1033 20.924332472539
1034 14.8214882028776
1035 2.18263546638247
1036 16.5083775820113
1037 11.5900161867269
1042 31.2131069128611
1043 4.52993955275745
1046 94.7795223767401
1048 14.4149315269563
1051 1.19063127173282
1052 19.9964512696449
1053 81.4128508786421
1056 44.9570930510022
1057 26.5891235520173
1060 30.7386781898768
1062 13.3666813170441
1063 18.9835933271458
1068 21.0679390459659
1069 7.31668173724463
1070 31.5834913578006
1071 36.1994857618453
1074 20.8686340778742
1077 11.109727169914
1078 68.7686788531899
1079 143.381521451894
1080 5.73689097469518
39 32.6980379512851
1082 47.8599666607426
1083 23.780083933101
1085 18.3103467664736
1086 44.3654790259616
1090 35.2347101540967
1093 38.9930035572397
1094 89.5398875648977
1095 15.7782155012036
1096 62.031292461346
1098 14.4706654161165
1100 24.8574682162929
1101 29.1433401891606
1102 7.50832108348977
1103 54.9888114766987
1104 5.95566695382167
1106 7.67082119484486
1107 16.9136342834027
1109 39.0844759626412
1113 2.28058993140749
1115 14.6019561059819
1118 100.030815210936
1120 31.0783390670963
1121 62.2507140645363
1123 31.2343667875551
1125 39.2043476068913
1134 37.7401374610222
1139 15.9141524268056
49 10.4442227316956
52 4.35789566224687
1141 49.8083364884698
1142 14.0932673855876
1146 53.978238115731
1148 30.8962432654374
1150 68.5929123423658
1154 29.244650200251
1157 36.1776905964351
1159 17.8103301807752
1160 26.4458120384101
1239 22.7675700092922
1163 23.2501904917542
1164 18.2512445890551
1165 46.0213571240716
1168 77.8482791471445
1170 23.4485474551555
1171 73.3630023468214
1176 53.1230986428545
1187 21.7375377444908
73 7.95398661926738
84 40.3194971453976
89 2.74617007633336
1189 26.7355700146239
1190 50.0289187579082
1192 4.59625842433043
1195 12.1471886934831
1197 60.2797081943732
99 8.07310577045672
1198 16.1062583420419
1205 43.834033384473
1206 79.5324960605693
1207 37.7438844651604
1209 8.20458424412342
1210 32.6133928855878
1211 65.0834025869615
1212 9.61560519067471
1213 77.8538136826077
1232 36.9616482825242
1223 43.6060611326998
131 32.0275040162088
160 9.78947175864689
164 10.3543832543307
167 1.79438881337715
176 24.0274515540756
186 27.0678402828496
194 32.4206759965767
198 22.9002271353722
199 37.5829952851069
209 61.1528423837331
221 54.2865522565132
250 18.0480302565222
260 9.51836399619935
267 10.7519136546593
279 3.46849806500024
285 40.2627306529686
293 8.66894219827237
296 56.7073602621237
297 12.6503850776727
329 42.5139193067313
331 26.5579480565685
332 25.2414446574955
334 8.39186974169031
339 5.28237576998395
343 3.1039820253702
345 4.278112846426
1224 4.20744906508729
349 48.6622257153391
350 57.8929111908701
355 129.15648716141
356 50.4162569767524
357 9.16114450189162
358 17.6648221201694
359 49.5716246956228
360 28.9353450916537
367 26.883511779339
374 5.10851711558818
375 13.1215400363338
377 14.0807967327024
382 3.9114638616294
385 38.5008115363007
388 14.3306117968576
389 25.1135752975199
390 13.3945099475989
391 13.7262218660016
394 41.6330737111687
395 24.5666133381435
396 12.4956313472447
397 55.949964646424
399 10.9381696623949
400 11.6455264899709
403 1.85412257817931
406 4.60901489065627
408 53.2693344967161
411 38.159651025882
413 30.8449882567382
418 1.48605795714824
419 20.9891024979686
422 63.2604037730131
423 2.13568974007479
426 69.8326888701472
427 20.297882133875
428 7.37054971069908
430 29.6810318562167
432 32.6914060647241
433 8.60250450967593
434 1.99810609936044
435 15.77082291937
436 12.4170324812108
438 99.9790194809813
443 9.40857277468719
444 60.6332291704628
446 12.0248929088541
448 3.91566672410298
451 14.5048583404313
452 38.1384556394525
453 6.83791980252058
456 9.02868717689497
458 15.2288694219434
459 10.5005483039696
461 15.5987682296869
464 12.3309413703032
466 15.9374651871774
469 27.1939273812873
471 11.4750173792677
480 51.9750643944391
483 8.23014229863797
485 73.9675683668867
489 69.7628455722877
499 22.3879378090553
1218 47.3123013914528
501 26.7221662679361
503 28.2518712065158
505 30.3653235913709
507 34.7080953853071
508 16.1000009177351
510 12.3347540507529
512 15.9644344809326
513 34.1973420058988
514 27.6580392334912
516 53.8542689501541
521 16.2149738277601
524 14.297367364808
530 17.9175415495096
533 61.0980730235587
537 35.9426628857801
538 18.2813944576995
540 34.1145233290528
543 15.8932475923276
544 13.5589312324067
545 22.6582128987826
548 25.2442816562607
549 37.0714829014066
550 10.0449121661021
551 21.3440140685334
554 33.8332054783792
555 9.10864909938481
556 49.7856384611055
557 11.1761815388599
558 27.674686338583
560 56.825592079252
564 23.9473733446268
570 21.0969800675882
571 13.2697438887095
574 9.76681789503469
575 41.0017833066763
576 13.9054865849714
577 48.1692848142281
1233 32.4411608854566
581 17.5098364856168
583 6.19603837409386
1230 88.0705297780556
584 17.1462772073259
588 59.0667533990443
590 8.86509918743164
592 41.9390248764993
594 44.971376209763
602 21.3915200287626
610 9.48486840360745
611 108.46465532972
612 22.0093329254932
614 105.503306254107
616 55.1223802944517
621 28.4214223272713
629 14.9487116878431
632 27.5441597176333
642 13.6062453119959
643 17.0549905579006
647 65.8725544253706
649 37.4184357319452
652 45.4595256220511
654 4.18595691344836
657 48.8008278393458
658 107.304747553808
660 11.4316159356632
662 13.0614253553022
668 24.7393545505426
674 96.5469859557095
675 47.4003074359349
677 51.5258298373912
678 27.1268778068567
679 56.9264689609926
681 31.4876334630274
682 62.434763224835
685 55.520495515522
687 11.0742108288107
688 44.9295368282469
690 7.73633285151867
695 34.0999615795434
700 22.7493000811343
702 18.8543818433322
703 15.5929497631655
706 23.2097507644666
707 51.779642624198
708 20.4243507290598
710 14.5946931656306
712 9.80882264926282
714 14.7814445901955
715 25.7190541990907
716 114.935425409961
720 21.3904962926772
723 39.5963000805299
724 2.16033868958755
725 35.1320988816016
727 8.7668296469165
728 39.6487940008225
729 36.8938910876441
731 63.0861567319445
732 34.2930014360938
733 33.4904999794208
742 24.2579343839508
744 23.4855389535035
745 15.7565301324567
751 39.5726810543045
752 39.9676931748911
753 47.1971206904443
754 3.43751864830537
755 14.5622013447507
756 79.7880096232972
759 45.3420705789112
761 6.49709772968332
765 8.0277009623112
769 37.2179373531704
770 14.9532410690246
771 51.7776742505766
772 47.3094537980581
774 28.2526572116561
775 31.3580930049838
777 31.4194903369364
778 26.1754562868142
779 23.6256379364075
783 20.4399799836766
786 18.77925364433
787 31.0082170031615
788 3.33130156216255
789 26.8963775579851
790 37.8414935486865
791 14.9459123163146
793 23.4431481032276
795 46.5734703764186
796 47.3594743869204
797 5.19970822882713
798 15.2216308701866
800 20.4871142379562
802 6.11853380033289
803 19.8937963473969
807 66.7438773135625
808 19.0914271198738
811 34.392993059909
813 81.9475565085724
814 46.8113408970193
816 21.9315077412188
817 10.2107686630577
818 10.8080617171335
821 8.33511563429321
822 23.7752865895342
825 16.2033695322706
827 33.3620401391459
828 17.861641278815
829 32.0729749016857
831 12.1266615505772
841 3.84347538765443
844 83.3955616209651
849 36.7363124062252
851 46.5374813139358
852 55.6299465327101
854 15.8409724317158
885 23.1919905832191
894 15.6825524076682
906 27.2411671858651
907 15.9066029889386
909 85.9095483297214
