108 54.4041593555828
110 82.9623490377489
1268 8.88935720788453
1259 5.60588617734493
1250 20.5569585950685
112 21.1828244961143
113 31.2085709697666
120 48.6150654961683
1271 23.2357313874608
122 21.5286561545792
124 22.5326512926537
1244 5.97156219174516
126 31.2128619918352
127 39.061284586407
128 18.2768068489868
1263 18.6249811666376
132 12.6176322423641
134 73.449396000406
140 123.514020145213
141 4.9703360219042
145 62.8525311162341
147 15.1896835870272
148 24.9010626964338
149 14.0117356325236
150 73.3153895411478
151 85.8334925426889
152 49.4646851460981
154 56.8067995772515
158 42.143140309694
168 14.7399816045033
169 59.1736504432111
171 36.5279141814122
1288 21.9131594466599
174 4.65921456513333
175 75.3775576069426
177 8.90927786774303
178 49.0638513799428
1302 20.0977382209879
179 40.0972046381861
181 75.5685285152524
182 29.6542689173722
1265 22.3541881062973
184 27.8801315915891
185 64.9866071870146
188 30.4919572372981
189 22.5829842073229
191 50.0652462193957
192 58.4641122108917
195 91.3459605174623
197 52.3947952283652
1282 23.8530636249611
1292 50.6708209457607
204 56.2979728000674
205 26.0565795481645
212 55.1467000924693
214 26.860239067586
215 17.1356939937165
216 51.1994884213096
217 8.89217194272733
223 42.9302623398842
225 64.3264015993686
227 92.9104480241531
229 40.6533677336672
234 38.2095991725286
236 51.5646319286998
237 46.0457533893117
238 54.4856780907118
239 85.6054399814355
241 33.9916809191377
242 47.6941798571739
243 27.8982126253062
245 27.4994903999957
246 44.2176369251795
251 42.496811549976
252 23.8492711891842
253 45.1509562167339
262 71.3700329813282
266 49.8290466798722
271 73.4722970436884
274 35.7464186631268
275 66.3799963930879
276 74.4543866438396
280 76.188248450862
283 18.4579417504879
284 94.1318843320231
287 97.4952702434581
289 29.31134405859
290 32.5904463448447
291 34.1997879036006
1226 58.0770666867349
295 42.3412237293385
298 26.5752792182989
299 18.977646949853
301 21.6101967939221
302 29.5218275988138
1227 25.9014795069503
304 37.4361799089495
305 57.8797523534868
307 63.8267159501509
315 18.7115314013667
317 68.889984918352
1228 81.0132234295751
324 44.7374867378788
326 80.263123634641
328 159.027450943508
915 46.8939505259824
916 33.396112521926
917 29.7055025488546
918 17.6698635380827
919 16.4127439056416
920 34.6434344607395
922 132.244672370936
924 111.827161376876
927 21.0136949801959
928 93.9415905329736
929 60.1905561582715
931 15.7191927839336
932 56.5516631954543
934 72.0865365116847
937 52.156072973147
938 121.075717007214
942 97.3997170482145
3 16.4615927767439
947 46.5196219444246
948 94.1565363418421
949 79.6651674964307
950 8.3607846651607
952 20.6512658006894
953 26.1050690955219
954 18.4306807085323
956 21.9336265194661
958 18.5112849205928
959 20.5562963891273
960 118.63284499633
962 2.2052050402136
965 77.9458826200523
966 4.82076955954446
967 71.6614619255083
968 101.560257688139
971 58.5493252455893
972 36.7463659523453
977 25.3275862068966
978 30.645927436068
979 29.5459649821413
980 8.10262452085584
981 13.6095423541498
7 32.6229426570296
983 16.5998376219486
985 38.3078962519342
986 39.9231624355119
987 12.2570578894823
988 74.4403478734581
989 37.2163276792492
991 212.944467175086
994 107.361605722481
998 80.6048104143186
1000 52.1271855126935
1002 53.7732907457859
1003 53.9134640231872
1004 25.657724849633
1008 48.5403288212976
1009 47.2022507515043
1011 75.3559634966554
1017 120.967670392188
1023 27.5751879063215
1025 23.5762068742907
1026 52.1239617711412
1030 33.2377515047899
1032 40.9396407322069
1033 32.154516698998
1034 13.8795921576476
1035 22.2399620036142
1036 94.952317784373
1037 42.2052689521865
1042 55.4096543124104
1043 22.3080072888265
1046 95.115000054598
1048 40.2537673138229
1051 16.8758673727356
1052 18.0453438773283
1053 87.3013013249252
1056 35.5905297237875
1057 51.9400785097815
1060 11.447914502032
1062 3.39428635280095
1063 38.3974757319475
1068 113.621962834229
1069 29.7150425101703
1070 29.5454679490088
1071 113.724848068179
1074 34.0910462068989
1077 25.3918799784922
1078 86.8185506616213
1079 51.1728190376611
1080 62.3804004433648
39 26.2421385324937
1082 11.8696205045936
1083 39.5682121424595
1085 19.3970980661329
1086 25.3764087437003
1090 40.751812827219
1093 13.0651829869918
1094 28.1893566666395
1095 66.719584271254
1096 75.4582130206876
1098 22.3779037931373
1100 30.6140852294429
1101 39.184855215894
1102 15.3324901841919
1103 39.0098738184476
1104 24.1113167006895
1106 56.2704187107384
1107 56.8044104173016
1109 94.1176939353213
1113 35.6111552375665
1115 23.8659093871276
1118 163.119671536442
1120 87.9395364037294
1121 110.161750419387
1123 79.6439552085367
1125 43.0205156996915
1134 254.492965593548
1139 43.9870633218888
49 49.1225737150355
52 37.0036722540549
1141 76.6403388421365
1142 25.7904088397178
1146 60.5759946345483
1148 39.5805357434397
1150 33.9927403994585
1154 19.2092639056008
1157 12.5708785549307
1159 27.4532644953374
1160 79.1184516311312
1239 74.6512819557812
1163 59.0439848906076
1164 44.5016096544838
1165 79.7367198516346
1168 45.3549645055957
1170 34.6120655693365
1171 60.1697938294733
1176 37.4924902165302
1187 115.852280332047
73 35.2662968003151
84 19.2873117425147
89 19.7638009626754
1189 94.8309375198694
1190 51.3282833697622
1192 19.3007686322465
1195 62.0100536789347
1197 42.2137423650058
99 37.4809048570864
1198 31.8829119984446
1205 37.522216519777
1206 36.5012598513145
1207 143.38857760946
1209 60.7785250546474
1210 92.1445723706668
1211 52.6034108611441
1212 76.0547072338219
1213 30.7529525793092
1232 17.3894581358255
1223 12.9313734350126
131 35.0029294115602
160 19.473003295161
164 34.6791624693311
167 13.0224316302759
176 21.5925112289415
186 23.9167400323317
194 59.8264760905991
198 12.2175623467242
199 42.2780895943194
209 31.6230122039656
221 103.620649167635
250 33.7556364237047
260 23.8856050274957
267 26.0685307600497
279 32.2422692648853
285 17.8069325688167
293 15.7950171299762
296 24.3870728403276
297 48.2534917452633
329 31.9793929961907
331 3.78265996620119
332 28.0079829787964
334 97.8546613259466
339 47.2697531354119
343 22.2220167897041
345 57.8703428373696
1224 43.4206133962994
349 9.30253250032145
350 4.44400946481474
355 106.202332398015
356 7.4158285179372
357 47.371433122276
358 28.6121711475972
359 7.31394192459902
360 10.6528422485989
367 100.269989060174
374 24.4834740313706
375 141.104489159804
377 45.8405561961469
382 22.618033137856
385 23.1636124602035
388 35.6490831374508
389 28.2285101843442
390 19.1422352142003
391 28.7184173901688
394 109.710992549317
395 3.86775516980916
396 35.2053178884731
397 17.026066733892
399 53.5595938389772
400 29.1890174297581
403 8.55677699369742
406 45.2307905709439
408 26.8602407880409
411 13.5306354515724
413 48.2171343235279
418 16.6236996607811
419 31.196411829336
422 61.9118473663563
423 37.9332282364214
426 33.1329647655571
427 72.2099793206542
428 40.9191361466518
430 129.745745096869
432 33.6735484412949
433 28.3805950457603
434 19.5432577061445
435 96.2695968949236
436 19.7173640548202
438 16.766505322535
443 26.1454171906807
444 81.1114173103182
446 39.479459613768
448 51.3080017427311
451 22.8040622525067
452 33.14104698982
453 49.6514864798946
456 61.7914380902053
458 17.531999367329
459 56.2229522278368
461 35.9559331846555
464 13.1581737505385
466 88.1928496659116
469 29.1376067387473
471 55.582074894529
480 46.5030301697775
483 67.1360231524298
485 87.6312587062389
489 21.4123444764811
499 19.6478873581982
1218 4.62557704525561
501 80.4999777232936
503 55.1715064142615
505 12.8126637835112
507 15.7197227530774
508 21.2573688166448
510 10.6408308681941
512 26.2220248339342
513 40.1685724272571
514 42.8800400393868
516 29.1589629070131
521 14.7533982354291
524 72.2668280252594
530 67.0267868929284
533 26.3548069951211
537 37.7531501972669
538 32.8674116592873
540 29.6743678529933
543 23.0360062151102
544 55.0141947428179
545 30.3710030087907
548 25.0585267721204
549 33.9753114622065
550 47.8431579676367
551 34.2250805231403
554 15.9771716252068
555 51.9585515641563
556 11.4854827521713
557 31.4591733825248
558 8.02388819258833
560 47.3843087761614
564 4.83988854835192
570 53.8905047944199
571 23.9283021587722
574 34.4665461057597
575 24.8232452938506
576 36.2528924721313
577 60.1498823624711
1233 42.6336598271208
581 21.7062125857132
583 29.7872796409296
1230 33.8001666601988
584 15.5227692986007
588 57.7275413771612
590 25.007307894426
592 76.6024068497116
594 14.2655320871636
602 21.3547295547959
610 21.3198491102672
611 22.699448220662
612 13.4900691248247
614 9.02812440386843
616 67.6135906129695
621 32.9157898607316
629 19.1114720930379
632 48.7236469099178
642 53.9438111221593
643 129.265803934829
647 90.1668706561382
649 76.1457343162346
652 67.8456745278827
654 24.4282504184998
657 48.9501120525587
658 40.1819189994235
660 193.802975031471
662 109.073851741005
668 102.697193642975
674 60.9991702876869
675 151.584105360513
677 30.9978160923182
678 14.1612303548182
679 43.7672850477128
681 33.6155316150405
682 81.9272021688318
685 21.9668053846958
687 87.4169060540781
688 54.7785746765827
690 82.4097247950702
695 45.3806763207284
700 32.4375215806258
702 40.1474183708832
703 52.2156163482256
706 18.0362371039619
707 31.8268470489596
708 65.2915291185522
710 41.5938577772456
712 41.480913259477
714 92.9076464490242
715 170.165186235683
716 30.8560067045896
720 32.3124265332698
723 78.2339568830788
724 26.4031020043992
725 88.9451823239309
727 58.7415306947579
728 70.392816281661
729 103.551365286403
731 90.5714074406387
732 25.4405520982926
733 91.6912342172932
742 70.589765614233
744 25.1496533633002
745 49.5933670066525
751 33.7675016849678
752 21.8517886672723
753 59.080880614056
754 44.1504813981505
755 20.8382339114101
756 15.1827743522092
759 45.2423466514644
761 43.6677680383317
765 14.6381843845948
769 83.0899985886282
770 71.499674742106
771 77.6974138502193
772 91.8061840020798
774 73.8936338797064
775 11.6618013778415
777 36.0082008624549
778 103.751960946287
779 67.9854445060999
783 35.6809395871961
786 64.3206792924669
787 61.2462581879883
788 73.2171125188971
789 29.0249448794795
790 33.8871441424073
791 70.826918746412
793 30.269741553237
795 79.4663039133192
796 65.7534070487934
797 38.468450126423
798 55.3034285669554
800 38.6131302547214
802 54.6097958267741
803 35.5898803822187
807 87.6711817603753
808 36.9856913704741
811 39.6462853037608
813 43.5738547992503
814 92.0572553176378
816 31.2229263784245
817 19.4815635690373
818 2.24830300131265
821 40.3831196217653
822 22.9628236788941
825 57.4440694878041
827 47.3753646757305
828 102.621085809782
829 21.5558750562533
831 35.8582534724244
841 16.7810099282925
844 29.9453773138052
849 81.3107885175488
851 41.522106523783
852 62.4463649680118
854 110.906191908764
885 25.0837336741199
894 14.6750587803941
906 30.7094363823362
907 154.777055224785
909 29.4592586184917
