108 0.0151737548737812
110 0
1268 0.0192798578351099
1259 0.0161137864828101
1250 0.0305757888122588
112 0.00569715259643801
113 0.0651101086707823
120 0.0731273339748845
1271 0.0333334624727354
122 0.0295981515945615
124 0.0117488503304092
1244 0
126 0.0596049961306474
127 0.0890966218882494
128 0.0277557365324808
1263 0.0584161340459614
132 0
134 0.0682902520279436
140 0.0776232695833384
141 0.0802018116390596
145 0.0344590625678313
147 0.0743070801178161
148 0.166131607251749
149 0.035030693445316
150 0.139846999968583
151 0.0977010721016566
152 0.093659907769564
154 0.193110583109478
158 0.21597524132341
168 0.182452342879924
169 0.244840776996265
171 0.0986907172603142
1288 0.0487336970006437
174 0.0720284280596133
175 0.185866945560708
177 0
178 0
1302 0
179 0.0150219825339555
181 0.0139547509908401
182 0
1265 0
184 0
185 0
188 0
189 0.010862030304001
191 0.0103542272389736
192 0.048925595604759
195 0.067395979415127
197 0
1282 0
1292 0
204 0.0505589315677294
205 0.0414436206743592
212 0.0881789949205008
214 0.136473773419637
215 0.175245422872385
216 0.138830328435961
217 0.160349662606257
223 0.108830463025143
225 0.0546071981329873
227 0.168021270035757
229 0.218040782944854
234 0.144504757539955
236 0.134372080988988
237 0.334150129771134
238 0.0782138068807058
239 0.165729706965531
241 0.122185569429465
242 0.126794979957423
243 0.105823135761747
245 0.355719610733663
246 0.074130885321369
251 0
252 0
253 0
262 0
266 0
271 0.0163652181637201
274 0.0126152749390702
275 0.0100976282395335
276 0.0911213055850654
280 0.042444227441463
283 0.0120896879995055
284 0.0173564385337169
287 0.0572379215571931
289 0.123531821848416
290 0
291 0.015978931993715
1226 0.0172625673375752
295 0.0602779690501214
298 0.0617172522201573
299 0.0469007961454314
301 0.0845140575511763
302 0.0243457773083642
1227 0.171994024724046
304 0.056593663937651
305 0.0339139792334211
307 0.0296304448738283
315 0.0986301444738896
317 0.173744440750324
1228 0.126613007474774
324 0.155459873713703
326 0.0638809083194454
328 0.0874473694935872
915 0
916 0
917 0
918 0.00885605882304458
919 0
920 0
922 0
924 0.0120732848658247
927 0.0497968033987891
928 0
929 0.0360242538574708
931 0.0229580441251307
932 0.0207136891105765
934 0
937 0.0513705453063076
938 0.0175645955060965
942 0
3 0
947 0.0164735142980304
948 0.0341188681742828
949 0.0271249401780621
950 0
952 0.0893613488035492
953 0.0434855178092557
954 0.0640864964467899
956 0
958 0.243162136122898
959 0.0315914845180336
960 0.045221637713074
962 0.0839172222313224
965 0
966 0.166258562249334
967 0.0970054390615019
968 0.107182135419041
971 0.0540861040838453
972 0.124922627851367
977 0.0513318333771632
978 0.0807418331839257
979 0
980 0.0603070435093275
981 0.161679339009384
7 0
983 0.0513455849722617
985 0.155645872331541
986 0.0497318402014282
987 0.102295612181755
988 0.0166435356326014
989 0.0878285581788022
991 0.167519879663866
994 0.162452770924882
998 0.0341734270171019
1000 0.131102446431867
1002 0.226294679143402
1003 0
1004 0
1008 0
1009 0.111077333064025
1011 0.0888328664229994
1017 0
1023 0
1025 0.0251296234633759
1026 0
1030 0
1032 0
1033 0
1034 0.0123322993131151
1035 0.0890329456466336
1036 0
1037 0.0145417121596654
1042 0.0375731502017476
1043 0
1046 0
1048 0.0554613635544633
1051 0.0281561748770465
1052 0.047395227008149
1053 0
1056 0.0783996404938382
1057 0.146997642872211
1060 0
1062 0.0538997318235995
1063 0.0832739690611393
1068 0.174700403912274
1069 0.126193654760601
1070 0.0626946952169245
1071 0.0106347480396049
1074 0
1077 0.0930153501647452
1078 0
1079 0.0503512660221404
1080 0.0205928825790628
39 0
1082 0.0204369267439197
1083 0.087889505269019
1085 0.18527416146749
1086 0.153114497626966
1090 0.0614760064047615
1093 0.11937131892278
1094 0.0330662710994107
1095 0.102882366440915
1096 0.0543865946638373
1098 0.0874444612968845
1100 0.202042887542969
1101 0.333579182654936
1102 0.188465764733272
1103 0.158294428704707
1104 0.129778421362545
1106 0.207306160353327
1107 0
1109 0
1113 0.0146300839944839
1115 0.0211614456848543
1118 0
1120 0.0700362156257507
1121 0
1123 0.0457287942899696
1125 0.074478548414448
1134 0
1139 0
49 0
52 0
1141 0.104899178753767
1142 0.0609119766509166
1146 0
1148 0.0385664123513888
1150 0.0220989384187902
1154 0.0718280971953779
1157 0.0339899364416574
1159 0.0886905388185506
1160 0.143658851729748
1239 0.119885093366415
1163 0.197824948414636
1164 0.159788095634326
1165 0.0872151307853331
1168 0.112485712300698
1170 0.148292461113899
1171 0.0942786446985895
1176 0.171641672206984
1187 0.106788550165407
73 0
84 0
89 0.0335395248269175
1189 0
1190 0
1192 0.0181219302743022
1195 0.0287298182253549
1197 0
99 0.174667776337704
1198 0.23281405691788
1205 0.0091540294888153
1206 0.0452101011494706
1207 0
1209 0.0284720902236584
1210 0
1211 0.0366367154054403
1212 0.200770737878834
1213 0.107606998419149
1232 0.0191730505694966
1223 0.0162853693520842
131 0.0669123982291436
160 0
164 0
167 0.0295277349920896
176 0.0657371925600747
186 0
194 0.124697742258224
198 0.0832733965666222
199 0
209 0.113330375374516
221 0.0708364298840921
250 0
260 0.0570196383472083
267 0.091047787902429
279 0.104093954602196
285 0.137465512217758
293 0.0666176490150717
296 0.0897089163224179
297 0.106677148872008
329 0.107098944848971
331 0
332 0.0160834931215978
334 0.0444666537258255
339 0
343 0
345 0.0642114343142011
1224 0.0752777271268947
349 0.00986654155025703
350 0
355 0.0721246480788943
356 0.0458618092751216
357 0.204317747419106
358 0.0609405941963886
359 0.047721900471423
360 0.14191586542337
367 0.0629116109607546
374 0
375 0.075036656553454
377 0.165175764786147
382 0.0953819288156447
385 0.161430800923903
388 0.0705877231830243
389 0.117685860366145
390 0.0776328639097539
391 0.105350693115197
394 0.0121210658088372
395 0.0440908340874827
396 0.219005031398624
397 0.265610813373294
399 0.182422343618867
400 0
403 0.0557906941547964
406 0.131931112939432
408 0.207194858572501
411 0.170338408606309
413 0
418 0
419 0
422 0.00227424156776679
423 0.146106445559445
426 0.03239289446186
427 0.0189962681923702
428 0.041701385373755
430 0
432 0.0105782147803584
433 0
434 0.0189056604059571
435 0.15643637265518
436 0
438 0
443 0
444 0.0561145801913237
446 0.018254325359389
448 0
451 0
452 0.0284960438334671
453 0.0275040888436465
456 0.0156625232635618
458 0.0273985463791002
459 0
461 0.0443220411541425
464 0
466 0.254815535019121
469 0.144936870246868
471 0.202570537758069
480 0.136107124630057
483 0.18922749915924
485 0.163762412409489
489 0.046064618950205
499 0.0225783637228569
1218 0.253203231726105
501 0.203362027531309
503 0.228644517796644
505 0.0492580803905835
507 0.104474172334326
508 0
510 0.0870111123448671
512 0.0488579816685227
513 0.180179728578145
514 0.145932355853951
516 0.0570146631418203
521 0
524 0.169810754795407
530 0.459622061172495
533 0.0923317275196323
537 0.0226298355134413
538 0.0931920050935888
540 0.271953158441876
543 0.264782509077612
544 0.00931411630912667
545 0.0244447877742019
548 0.0166713458962874
549 0
550 0.0214920733177496
551 0
554 0.0883383750868846
555 0.0100994868201032
556 0.0176091823782883
557 0
558 0.0510181982331458
560 0
564 0.0811142712241199
570 0.0801074694753288
571 0.0389330764191861
574 0.0238696536246479
575 0.0347070326246107
576 0.0950703880185753
577 0.0476769513248848
1233 0.0704439973224345
581 0.0411233118843939
583 0.196342436786058
1230 0.0829357367083509
584 0.0573869564473737
588 0.0966247316543939
590 0.0731294409248935
592 0.0873044931823018
594 0.0193751706562301
602 0.112815848324415
610 0.18412397235587
611 0.0359724462839393
612 0.143220457756312
614 0.0187235895647348
616 0.168504085506599
621 0.095457775144644
629 0.127296736583534
632 0.0942276940522131
642 0.254981624550537
643 0
647 0
649 0
652 0
654 0
657 0.0269871770742576
658 0
660 0
662 0
668 0.0283411498667708
674 0.0716438159130742
675 0.0289580085044443
677 0.0414609764134802
678 0
679 0.0515258784878796
681 0.0442648513606412
682 0.0558788788357557
685 0.0246634076561018
687 0.0160277981301195
688 0.10798563938804
690 0.133044561516955
695 0.0383279256373069
700 0.209373823380304
702 0.0442027840145454
703 0.108311728303561
706 0.155374019790112
707 0.0744508171347567
708 0.191726727516637
710 0.0804198292622035
712 0.0765197253475575
714 0.132911512727866
715 0.0246092036857057
716 0.125594642642216
720 0.0379083216979069
723 0
724 0
725 0.318331613444201
727 0.0129438853851236
728 0.133399251795581
729 0.0372022663277446
731 0.0281709188317599
732 0.151677038455401
733 0.0554220720729839
742 0.123201295697426
744 0.0431612573012586
745 0.180498983462785
751 0.0839786598472851
752 0.168610541441631
753 0.0476009144217224
754 0.216836635038015
755 0.080396795493431
756 0.0210350724282935
759 0.0430488254228687
761 0.00734106778590984
765 0.0248655443137093
769 0.0594458662450628
770 0.099466227645585
771 0.123133284839829
772 0.152346774705028
774 0.0922791257665761
775 0.161906639126263
777 0.125725865905426
778 0.0763592172943469
779 0.0847031288122345
783 0.130359583634252
786 0.238094496143054
787 0.249124912375178
788 0.110809876898711
789 0.0951982063596464
790 0.0402144963548472
791 0.162965834373946
793 0.130972941017548
795 0.0872990680764125
796 0.174085503774856
797 0.277195476531376
798 0.150306076119801
800 0.111514749751409
802 0.0155086400930992
803 0.338933610756931
807 0.195316031855904
808 0.102631069244651
811 0.136878179488175
813 0.215851655152238
814 0.158584186666996
816 0.171553412782162
817 0.213873403998154
818 0.012005250628518
821 0.091970659490495
822 0
825 0.0186644038484322
827 0
828 0
829 0.00773983754745712
831 0
841 0
844 0
849 0.0303646553499456
851 0.0391903561136665
852 0
854 0.0635399916786828
885 0
894 0
906 0
907 0.404319405843747
909 0
