108 1.31023360520345
110 8.09532090810195
1268 0.71509739429462
1259 19.3999822946344
1250 16.5770796908726
112 3.6472507153691
113 42.0210928791985
120 8.0070298302296
1271 22.4317158946068
122 1.94506974171671
124 1.78663195115354
1244 66.293599315017
126 9.02427464956673
127 5.78817497703058
128 0.616080337713255
1263 8.34980492601463
132 37.5313844428976
134 8.45385332361274
140 11.7079010344916
141 14.3585379604173
145 19.5470212873207
147 22.7606236228262
148 0.0525699705521548
149 44.8537407260267
150 9.1320387129443
151 9.01362300811502
152 0.81786289475527
154 103.891009563178
158 1.32592713454109
168 32.4680189198441
169 2.50053339982419
171 6.33906214872576
1288 1.0149518326603
174 2.66626406559832
175 39.2806313146952
177 38.1140746604148
178 0
1302 0.00787044353189273
179 2.40248956189974
181 38.6058380063755
182 13.7100204531924
1265 11.0365074030465
184 4.01760208577991
185 0.0501123422814043
188 3.18303830660335
189 19.9531011948618
191 19.2122042383738
192 59.7318386748155
195 1.12043050975577
197 0
1282 27.9937962599447
1292 0.111256648166538
204 59.466421185952
205 98.7466566501144
212 172.89607262245
214 9.22565487227573
215 49.7192623423845
216 0.451648691546945
217 130.415600163135
223 14.3680284075594
225 44.2782898059743
227 35.2905754361519
229 90.6930058556451
234 47.6057342757313
236 34.9171538080349
237 0
238 38.3146618903917
239 1.72480286029832
241 51.3513931922075
242 31.2418674931407
243 13.8368948479357
245 129.319637422731
246 79.0352078547377
251 52.4568831410267
252 7.30627612175528
253 77.0787629043107
262 2.42951500365729
266 5.70539871053859
271 35.8327415833471
274 101.489923758753
275 18.407457679185
276 0.419540353709206
280 0.0447625492744362
283 18.755727368263
284 72.6795346770774
287 118.636952279734
289 12.8444925804245
290 91.4980860858942
291 53.1083046008808
1226 55.6730408218285
295 9.25097191975567
298 129.251948927199
299 8.69666541737386
301 23.5306531642079
302 107.6534232441
1227 29.4552865091149
304 129.045362234671
305 145.14470868202
307 88.2173316445944
315 7.32367744762491
317 20.6718589938179
1228 0.431174862556936
324 26.8471060248658
326 5.01652006275397
328 81.6444335760947
915 61.5425738769772
916 33.1143394301968
917 15.2969746364161
918 0.0639624599227256
919 0.0177874628870024
920 1.96059827119108
922 0
924 0.356958574870202
927 0.0356930390127014
928 14.5441283008379
929 0.467339141940115
931 14.0193668011613
932 117.305046525997
934 1.99388613350062
937 102.805574541951
938 134.255340527606
942 1.93034990349719
3 86.3401796268165
947 5.35311478222936
948 70.2880789344853
949 1.55972252611933
950 15.4470003883359
952 18.4337699074297
953 0
954 36.5988593726259
956 5.86074984493189
958 16.1106316191674
959 12.1681867051364
960 32.413003629394
962 0.511003456240069
965 40.679305816634
966 4.04143805815411
967 1.31146638201608
968 18.2083183887159
971 5.08265433518415
972 80.0787697339701
977 2.04486773654882
978 27.35233991691
979 42.244244712655
980 47.2568140658092
981 42.3135117757831
7 97.2856121759855
983 0.0929464558629241
985 63.5209492081835
986 8.2746830355434
987 128.168832125851
988 22.0192917147663
989 31.0378079474267
991 47.6939676737727
994 1.67432801806115
998 28.5830007867672
1000 4.44536742621273
1002 23.3625561105914
1003 30.6274754247202
1004 16.1437398501731
1008 0.756074319442359
1009 14.903551881878
1011 18.0549135326771
1017 71.2327905570363
1023 23.4473402829658
1025 0.346938134101673
1026 2.46181923755656
1030 43.0460409189815
1032 6.04127559137024
1033 36.7976869756465
1034 20.5694336237643
1035 0.0242296464482647
1036 2.86704338338369
1037 26.4073169092254
1042 94.498417194417
1043 44.3946604180655
1046 131.261200778667
1048 10.1587664041303
1051 2.7144807035858
1052 0.288088438591385
1053 8.6647462251193
1056 0.454293415336392
1057 0.336623529088057
1060 6.73827776212124
1062 0.584096580750895
1063 1.61642527262616
1068 2.49295135527589
1069 10.130401966664
1070 35.1317330520649
1071 114.301752226
1074 54.1043807616847
1077 20.6696969611364
1078 24.2153961109675
1079 1.75261095334752
1080 24.7160368841827
39 93.516107175108
1082 6.67322300712878
1083 0.176321379225011
1085 154.046008964061
1086 1.80354842254876
1090 1.04817841998757
1093 7.94022606530552
1094 44.6025089043385
1095 18.9940331157195
1096 3.64237890873131
1098 26.1572085444845
1100 59.6149484367327
1101 1.32149135208884
1102 34.5973713541485
1103 2.82748262990525
1104 0.194424053086804
1106 16.1445820747419
1107 11.4428481016788
1109 113.72336472359
1113 13.2222871930798
1115 71.1582560847912
1118 22.2169439464794
1120 15.1535401114118
1121 10.8569888832555
1123 1.3729203778351
1125 5.30589259770199
1134 66.9122913538057
1139 0.944517379427073
49 32.4101909209862
52 17.7160878169193
1141 24.0165439741448
1142 24.8037406900422
1146 1.44739170942467
1148 0.441765375271392
1150 7.506710618187
1154 0.109356343343882
1157 0.606432022900975
1159 32.4948960902824
1160 58.2215145909215
1239 6.11036938777264
1163 0.105736213713044
1164 67.9609648745273
1165 9.90378764572814
1168 14.200668107571
1170 17.5558595709985
1171 18.5165016613254
1176 88.7521278798037
1187 53.3370173665001
73 0.0362676657861616
84 30.073957006583
89 6.8959266553954
1189 46.1228758239196
1190 22.0675754814213
1192 7.32503240229157
1195 51.2984173117036
1197 0.368588062137507
99 11.0879538114489
1198 5.89759739470678
1205 0.222913689297228
1206 17.5422901589241
1207 25.5995910748581
1209 23.3205030729266
1210 1.42773059716097
1211 9.90360683984872
1212 0.667826031567526
1213 50.3636746064844
1232 37.0696985150406
1223 105.965244940946
131 4.54064006078317
160 78.0191249041002
164 114.780185280176
167 0.0385976560278296
176 39.8003408044174
186 0.795089990656868
194 0.0744873973890717
198 36.0060760897253
199 48.8497862748258
209 142.01696771054
221 102.496617770753
250 28.4027763909384
260 20.3965072886872
267 94.9083145860687
279 0.0125271258942571
285 5.97130712441741
293 47.2268521597798
296 0.426341134178039
297 0.224476148601988
329 0.405437288651582
331 79.5657787067509
332 13.2664324535327
334 40.2007325565331
339 18.962503016766
343 11.2587756893043
345 11.1583141414827
1224 0
349 7.79699805768695
350 3.25556584605294
355 0.371563739254111
356 3.16868872247131
357 54.6225466703503
358 18.2850467677624
359 6.69126465128495
360 0.0966998242700759
367 13.5983866134579
374 28.0649447559727
375 1.05061158808178
377 0
382 13.0091982248406
385 2.55013171858418
388 3.51683737778635
389 0.0666326887978383
390 23.8629279671017
391 81.8963457650642
394 0.10581640156236
395 19.5920111754174
396 64.9970471912176
397 1.90397787991033
399 1.07955756586569
400 6.81971279749057
403 0.0673248837346508
406 3.59647692760866
408 14.688096762052
411 1.15633734299035
413 47.7622647817402
418 0.0388043257661419
419 1.56471117590757
422 72.0839767331319
423 13.8034390513329
426 0.911988530752752
427 4.17326633798901
428 18.5190261110636
430 2.23673861694643
432 2.03347500563145
433 8.89404923377944
434 1.16274889181424
435 0.313488953634798
436 0.0824239981275843
438 85.0532166775655
443 47.1361869908566
444 1.35545230594108
446 14.962101951878
448 23.4234452686904
451 2.83862091122369
452 1.13458244209778
453 1.98367683915129
456 60.9227948441054
458 98.8014453318944
459 80.6477902469628
461 7.45879815552466
464 28.3323808174624
466 120.023964020064
469 1.26775006769066
471 68.3622807974723
480 72.1729382119866
483 22.3059565221961
485 1.05631763838959
489 2.29470421750505
499 40.9218449487368
1218 15.6064149163301
501 1.67440851969261
503 117.905655529519
505 137.863619636809
507 83.0741610926873
508 10.3017669154647
510 18.6952195753412
512 0.0207173339147906
513 55.6327811595244
514 27.04294259697
516 6.45349200615206
521 47.9642902959441
524 10.6778603536367
530 1.43614114292504
533 2.16614641579924
537 29.098999344693
538 34.3632631729822
540 118.236886962637
543 46.6590050057736
544 49.1234392018794
545 0.561991824678369
548 16.9034843155334
549 52.9077667360711
550 0.570842531681934
551 0.341955380262247
554 21.7821149911402
555 25.2261930212856
556 23.6798633393074
557 0
558 77.1366402632973
560 76.8487740771471
564 35.4423563562214
570 32.4657107943122
571 128.704829730514
574 54.838742757119
575 27.4608250751756
576 28.5703701954396
577 0.843086657546083
1233 43.0121307085959
581 136.740637983339
583 0.613931081426606
1230 4.02085549438505
584 36.9929189210762
588 0.243716627040004
590 26.5705601021573
592 1.27286224473169
594 2.10736552289069
602 0.619365093942375
610 0.178828493057049
611 51.8689798821377
612 0.45070746296446
614 9.04995654863181
616 15.508932561467
621 1.83097514795841
629 0.191349754252595
632 0.21245176269542
642 17.1687437217639
643 43.7170913939824
647 24.6551076846358
649 2.27505637866189
652 1.68711091618009
654 53.3446913616595
657 3.55816707536854
658 115.071257847031
660 43.1460174426503
662 4.55992316736172
668 70.2184777606287
674 0.130539628196545
675 48.073407891589
677 0.243558383290452
678 51.0808996355873
679 88.566729826726
681 0.129834739260082
682 52.2391866479786
685 48.7544584378441
687 0.219127886315475
688 1.04417055327572
690 13.0122263641378
695 21.5126817679847
700 25.2026518352056
702 1.51365058545986
703 24.9754453377605
706 27.6450422052156
707 213.273277231829
708 30.5659189748446
710 83.3251033362441
712 132.618332032467
714 106.799092839673
715 45.2607927661084
716 24.6281004780818
720 21.0757123845231
723 1.84075131537485
724 0.182637079177746
725 87.3500425006038
727 5.24014363202374
728 0.247615434479339
729 16.4462621364565
731 0.29936477594861
732 6.9154513057816
733 6.07562339710178
742 62.8959414372114
744 0.538084659565992
745 53.2587798937892
751 50.7507093506702
752 0.665079539619282
753 32.2806627523178
754 14.5853039211856
755 18.4079980893202
756 2.22882783345313
759 3.8853878294482
761 24.0746949946015
765 9.35091594716561
769 91.6792883627183
770 0.471062837975324
771 83.7182315818251
772 5.78084317036742
774 17.105774437661
775 1.44473714108161
777 76.9719092840143
778 0.303817235036357
779 14.7342442032444
783 57.5383844685568
786 16.5598589400508
787 0.162688538441183
788 0.26265711611835
789 5.57659663361504
790 2.21002434862084
791 29.364263690219
793 0.418682158269411
795 28.6179057880901
796 57.6310333728526
797 20.1669323747534
798 1.79836215168046
800 37.9459421699973
802 39.9109366754022
803 129.988600681294
807 76.5339206388968
808 15.5253368770887
811 18.4878818853082
813 0.800681542729835
814 112.694828736243
816 4.0953925872639
817 20.880093837217
818 101.847057979398
821 0.318973801062527
822 1.23934946571192
825 7.23595188382695
827 5.32600387046987
828 49.8146066826388
829 84.3667536920859
831 39.2284779009891
841 15.7838062926762
844 53.3673527770353
849 48.5620097967109
851 0.198934425036223
852 9.08676429930688
854 25.2065596334931
885 165.152145203346
894 0.403459022499505
906 1.60126896461524
907 35.4791014440972
909 1.68258029660117
