108 36.6514279610137
110 31.1791645154731
1268 26.1147669037011
1259 119.071422112098
1250 125.740148982579
112 19.824429659281
113 308.811709030149
120 68.8304604443802
1271 98.7661485593854
122 6.91747390704957
124 66.6451945743324
1244 103.355782047238
126 56.6469434942563
127 24.5162338657756
128 6.42937364350856
1263 58.3811991499215
132 119.335541607157
134 40.4266756489882
140 57.6697919197898
141 97.0174277917668
145 31.5274786771884
147 135.21988157572
148 2.1760517415903
149 101.715369049143
150 62.6100449815288
151 82.3099769931269
152 13.6957225884542
154 149.459870697881
158 9.25517016326831
168 108.585362471453
169 60.6762105256514
171 13.8713981136908
1288 15.4444951868619
174 30.0330088634174
175 195.667993681271
177 149.787354679267
178 2.26769973024851
1302 0.444770642618047
179 80.4118341839895
181 269.501703236615
182 98.5500550324887
1265 166.855199438784
184 10.1163615803432
185 1.64295621884718
188 19.7353624095412
189 115.284430278374
191 413.224365411729
192 235.469174519953
195 29.7394652310133
197 0.457003962658893
1282 139.047362222148
1292 2.65783493661015
204 208.709302947064
205 248.469070910516
212 348.69385436974
214 112.053897056792
215 228.341215600402
216 20.6380008953645
217 489.144882973917
223 58.8899853692967
225 78.1407925059643
227 89.509594339736
229 268.494798214218
234 185.775468501007
236 148.982297728525
237 2.87265986134136
238 126.136627798923
239 109.700437897234
241 366.809472966935
242 51.3928760332746
243 37.3026650275894
245 269.965458254893
246 281.828922086505
251 53.7944203878404
252 15.0952812587853
253 96.7920888898637
262 146.657373056927
266 40.5173606684321
271 83.132154884354
274 170.673289049495
275 121.293891720152
276 24.9872517513926
280 0.181327860789396
283 290.178224431944
284 252.694089558047
287 181.48862936438
289 165.311925409863
290 462.743165658242
291 239.547376015226
1226 224.88347477601
295 14.0507012648135
298 407.119126407569
299 83.1212966115577
301 282.457155973541
302 196.850725514888
1227 208.358864518668
304 236.701296157521
305 391.635971138857
307 214.725708919754
315 115.916423963772
317 122.719650953806
1228 2.54689793094009
324 91.3740495050525
326 124.00206529185
328 261.69749202378
915 130.334471932155
916 282.603861414439
917 50.273355924479
918 5.54281274010878
919 8.92002953592147
920 124.352057185546
922 1.11929515506552
924 9.15982534615836
927 1.8023168671485
928 169.096041803632
929 29.9304150261886
931 108.5492274941
932 124.389048985711
934 156.413527450806
937 83.1629829653719
938 196.113611811307
942 19.3817826701266
3 36.3011943498045
947 54.2421604534351
948 91.7692257831361
949 20.9206004274209
950 171.332461895182
952 62.5408263299374
953 1.2193991456251
954 65.9592380074926
956 14.7015673962252
958 136.540695733568
959 66.0538027659392
960 155.196491925618
962 4.20593293911448
965 152.239051240461
966 32.5944320139722
967 49.9130896118806
968 37.7611173091366
971 37.2554621020468
972 140.956036330703
977 13.5378360156143
978 200.344367330808
979 38.6219116306428
980 89.651989214044
981 360.24241890349
7 150.981010315808
983 0.63640010195595
985 182.178782770123
986 99.4955225181928
987 164.680247600262
988 213.197533086026
989 91.8766753667822
991 287.266833004312
994 1.71100329447258
998 83.0476472089723
1000 14.1664282598117
1002 207.530081199531
1003 20.6835018245945
1004 209.84505795501
1008 1.3819369059628
1009 251.802489110015
1011 59.5090521669415
1017 208.193026899904
1023 331.479950989864
1025 4.05887674388578
1026 5.92217476699425
1030 248.060165986097
1032 21.6839775876602
1033 107.261650583404
1034 94.7473622656479
1035 0.309337843473426
1036 32.3747393241649
1037 184.485413778883
1042 116.305328274056
1043 25.759363885876
1046 140.271800234871
1048 107.834646015327
1051 4.20642552173057
1052 1.83472760841094
1053 43.0821453688975
1056 2.09130825146491
1057 31.9218726784126
1060 12.7171737011955
1062 0.744725864123957
1063 2.42225379016854
1068 2.23003388189739
1069 69.4576652920567
1070 62.5875136097627
1071 174.436020834172
1074 65.333596054708
1077 108.027793393807
1078 167.097701757272
1079 7.77136005851298
1080 202.08309129071
39 106.547786983109
1082 90.4188058881614
1083 0.607927347342805
1085 148.800839422872
1086 4.14064487052441
1090 11.282582036033
1093 116.240366700363
1094 175.36249317402
1095 61.812345883973
1096 36.3484861281939
1098 50.337501338282
1100 84.7189763736564
1101 0.51795639005751
1102 113.167791215428
1103 48.5793697307218
1104 0.621347572646306
1106 51.9459659121416
1107 159.514072081494
1109 225.469583568614
1113 27.3962820352096
1115 151.935862208994
1118 114.093658611143
1120 254.321020927101
1121 36.1368104777103
1123 30.3904100239991
1125 78.699415644235
1134 51.9502623373082
1139 1.36857803093086
49 114.533489792923
52 84.5886822635473
1141 349.766810371747
1142 149.093221879981
1146 16.4815277342287
1148 3.55068151783415
1150 167.678459163559
1154 1.80264588033329
1157 6.47111627459719
1159 94.3555181457191
1160 153.114142288478
1239 43.8983861309832
1163 1.41573767070424
1164 158.533953858484
1165 136.044430620644
1168 23.7325485448675
1170 276.278827458605
1171 124.729169665812
1176 413.023835305951
1187 84.950842695296
73 0.799944450319642
84 217.224734948024
89 9.89442127096278
1189 199.358215670898
1190 156.580019763585
1192 29.7667183617232
1195 140.33511933595
1197 17.6551865915554
99 53.7283932893681
1198 117.62752861691
1205 13.9409895408158
1206 318.144408198397
1207 130.215213310028
1209 40.8788312583159
1210 10.292784551458
1211 69.5079495061614
1212 0.579801352140889
1213 168.818274835368
1232 148.985688338238
1223 174.049732014376
131 14.109366270798
160 68.2910974366755
164 120.027292672225
167 0.190910578750106
176 279.376479164316
186 1.14028648364131
194 21.4040031822949
198 254.074260405272
199 71.9751350112027
209 240.118339463942
221 223.315875112792
250 228.456825653941
260 363.851297612776
267 108.403490515656
279 0.649525340275091
285 25.8943895078005
293 9.05179746841566
296 4.12391220579296
297 5.38685550566684
329 6.75712892893182
331 295.975025349107
332 119.461877737312
334 33.2577075824585
339 260.617309271555
343 36.7143014490025
345 103.211241761026
1224 0.0271668255437404
349 51.5184494193923
350 36.4258461262231
355 0.482046493590353
356 16.5551427374911
357 198.057460020335
358 113.525665775369
359 8.27169547585237
360 4.42231980861932
367 75.2568019558506
374 49.2291634225927
375 20.744634310534
377 1.2320253053929
382 25.5945890139766
385 13.1950250327736
388 74.5416977050521
389 0.718304485363416
390 131.444165539937
391 144.586910512791
394 5.80120144406656
395 173.371603125099
396 98.7705756463115
397 6.29402775657456
399 4.63973772146163
400 23.0755254347847
403 0.325655844305755
406 9.4561825171913
408 69.0629535029296
411 14.5257636326828
413 302.508422555917
418 0.332968020643067
419 5.73595000899904
422 232.224742392153
423 6.14693692854386
426 3.06729620225157
427 113.627127276303
428 123.328204309532
430 74.402036322746
432 2.51535287107574
433 158.701235705215
434 3.86225832683465
435 11.0828352742191
436 0.339658804254544
438 306.000947943751
443 76.5294165410921
444 82.5173469949529
446 91.3902617238807
448 42.9495170438567
451 1.86534025193885
452 21.4772627679069
453 12.5681352756069
456 69.107349217655
458 362.078762468398
459 243.578322283445
461 166.935807039503
464 60.8010467648098
466 116.599573554862
469 20.2549830400948
471 56.2255602131856
480 122.10375066793
483 116.553757409198
485 82.069405111471
489 3.74001527401797
499 254.517284477266
1218 117.097240817039
501 4.51496589638766
503 197.842629110091
505 263.40317470322
507 131.096831122478
508 132.135824800691
510 77.5622434618053
512 2.61914973561867
513 214.406901924231
514 92.8113580190861
516 60.6544035949053
521 82.6063630072508
524 47.8960201229258
530 7.46812832495084
533 8.07757216944612
537 18.7389073917731
538 201.157613618525
540 540.495994618725
543 94.9097564787516
544 73.9985357196638
545 5.90906591320333
548 62.733661784152
549 157.059767877362
550 3.56020892720038
551 15.8146379994503
554 184.659121658003
555 112.282712889819
556 150.347005758053
557 1.55152361263552
558 191.942789027308
560 193.695897627228
564 241.563846010331
570 85.458931894323
571 200.611478478878
574 155.203299783658
575 119.395684321943
576 117.379333361256
577 1.09261322724654
1233 241.784874467321
581 193.657247015782
583 4.20080576613433
1230 2.99651891000664
584 167.287542926428
588 1.64081069227395
590 228.044201699084
592 18.6820640765867
594 16.731096978247
602 4.40761338201344
610 1.28477343460741
611 189.502333294626
612 14.0233860217881
614 22.4647196086101
616 24.6043761863958
621 24.9639244557596
629 1.60372218691067
632 2.00315905683468
642 184.933779175033
643 100.304239058484
647 137.928594520441
649 21.7655181588159
652 20.8206437103188
654 87.2918499793904
657 29.9378020622078
658 334.755305753956
660 127.220006339489
662 175.998033112812
668 164.105209002983
674 0.15339600495075
675 103.533332600034
677 12.635630410261
678 172.058164602862
679 202.896536968219
681 5.47522500858206
682 198.761281221791
685 285.869860731528
687 5.00867831649329
688 5.40390388287418
690 79.2374189315125
695 211.980605715596
700 157.83087805847
702 3.80087885246529
703 83.6399197832579
706 273.862630764023
707 584.892007077608
708 139.080508938983
710 153.91111557957
712 190.653486269949
714 128.643492254135
715 347.055859685776
716 116.48501628793
720 177.913128849657
723 78.4697503572917
724 0.77745779630922
725 131.324827775844
727 54.6688000768391
728 1.35438044113591
729 69.6104266237267
731 0.37394027463525
732 30.7242848784639
733 5.15954121265977
742 231.675865178239
744 6.22346706100526
745 310.74456044448
751 261.230258139851
752 2.58902555025446
753 222.316512355882
754 25.9414540874234
755 269.915766059765
756 16.9005166639507
759 12.6123332336849
761 16.3188543936957
765 141.848098387905
769 198.43261116986
770 1.68779352854973
771 252.719599210249
772 58.9945386078468
774 98.5371371906551
775 26.0731155287087
777 101.123340009897
778 11.7307232084655
779 174.326219681152
783 115.899525049358
786 213.107556847913
787 4.44556757672684
788 1.48149233316536
789 8.38967208978129
790 10.238330155874
791 79.9830525652331
793 6.63102450545348
795 346.136471038969
796 118.308442451131
797 78.5734305452601
798 8.58320417077639
800 155.489247668231
802 72.5586121272536
803 83.2598869160519
807 176.897664463591
808 84.3708315015049
811 238.107893174745
813 1.59880730022279
814 191.378846949615
816 19.4998550928319
817 107.179971870811
818 337.22247647229
821 0.505547075254749
822 21.3472498113827
825 29.3114425927835
827 59.0617834014609
828 197.950301031035
829 257.073869987538
831 210.977810868293
841 49.4649962033844
844 148.995701844478
849 116.715017210438
851 1.74729315456009
852 106.60451666831
854 212.259061425529
885 224.749437952453
894 3.45062446893951
906 4.24397174926282
907 197.39482778313
909 4.75923160508217
