108 0.0181598422190615
110 0
1268 0
1259 0
1250 0
112 0
113 0.0376296461115088
120 0.0472205096246926
1271 0
122 0
124 0
1244 0.0410258721265015
126 0.00242605106414265
127 0.0417484648318164
128 0.0502549941324136
1263 0.0246578275419092
132 0.0392429836993877
134 0.0640708167862771
140 0
141 0.0342764647561204
145 0.0309552393267639
147 0.0382466638692427
148 0.0504440669690782
149 0.0450984061734921
150 0.0925549471365394
151 0
152 0.0112777216481439
154 0.0212813922577203
158 0
168 0
169 0.105639203940215
171 0.0133761114162636
1288 0
174 0.0269477264542526
175 0.0962193167851937
177 0
178 0.0117017955222533
1302 0.0486418967095966
179 0.0141236709390356
181 0.0291714172697024
182 0
1265 0
184 0.0112853024263366
185 0
188 0
189 0
191 0.0413090524221551
192 0.0403234987266838
195 0.0670816650743993
197 0
1282 0.0401228993506924
1292 0.0227994797219498
204 0.0169501545119431
205 0.0346067540103513
212 0.121946684190112
214 0.0421858165041302
215 0.0481612288774744
216 0.016385983476456
217 0.0363760002157163
223 0.180372109111703
225 0.0643263504416615
227 0.0719409308043132
229 0.0373884413191854
234 0.0439123250347933
236 0.0136202241508099
237 0
238 0.0434126392059674
239 0.0241311886825696
241 0.00264802639001079
242 0
243 0
245 0.040474241466215
246 0
251 0.0424600522989987
252 0.0392961502091444
253 0.0243747075510323
262 0.0456456324925212
266 0.0433822050902494
271 0.00458159923155234
274 0.0156819570576708
275 0.0460459441222001
276 0.058110435101106
280 0.0157283282233918
283 0.00782694702261628
284 0
287 0.0430852284392701
289 0.00618455539191594
290 0.0334548387709353
291 0.0521920021245049
1226 0.0565354455733763
295 0
298 0
299 0.00667473989981072
301 0
302 0.031209326887923
1227 0
304 0.034761226745602
305 0
307 0.0395010468820312
315 0
317 0.0431383319600842
1228 0.0625090298002419
324 0
326 0.0797239006978596
328 0
915 0
916 0
917 0
918 0
919 0
920 0.0220945731623822
922 0.0165204561477465
924 0.113097080917965
927 0.0234212195681428
928 0.0657895644682929
929 0.0178330559409718
931 0
932 0.0284423999052148
934 0.0191917794459616
937 0.0354679490912583
938 0.0696378857047715
942 0.12460221448558
3 0.00474487264550632
947 0.472642864009775
948 0.00725796793286535
949 0.054582585246886
950 0.0096155886482305
952 0.0029000521775395
953 0.00238377274396369
954 0
956 0.057544869058072
958 0
959 0
960 0.0487348095587635
962 0
965 0.0519451166006329
966 0.0360641993175825
967 0
968 0.0363337501312814
971 0.031992311988698
972 0
977 0
978 0
979 0.013333831932875
980 0.0082492589545777
981 0
7 0.0169789219719969
983 0
985 0
986 0.299010934795276
987 0
988 0.065286803204621
989 0.0488019009455182
991 0
994 0.0877411262196714
998 0.0308940049180827
1000 0.0186628521569878
1002 0.119742759231954
1003 0.0290240602028879
1004 0
1008 0.0174786120428771
1009 0
1011 0
1017 0.0216686451497301
1023 0
1025 0
1026 0.0155815218436881
1030 0.0186111778336677
1032 0.0140494032429701
1033 0
1034 0
1035 0
1036 0.0825653254308642
1037 0.0277191793638308
1042 0.0503475580970705
1043 0.0158779348083149
1046 0
1048 0
1051 0.00872049094828396
1052 0.00369242942374855
1053 0.0361435091876277
1056 0
1057 0.0225782575597765
1060 0
1062 0.00536278307508939
1063 0
1068 0.0203343542410789
1069 0.0461531034559589
1070 0
1071 0.0515877810187343
1074 0
1077 0.0151778391118921
1078 0.0188262392178062
1079 0
1080 0.00941754121170672
39 0.0155150574845001
1082 0
1083 0.0760574127157617
1085 0
1086 0.00374310462499227
1090 0
1093 0
1094 0
1095 0
1096 0.0670073252145392
1098 0.0167246217122872
1100 0
1101 0.0881939643633165
1102 0
1103 0.109483771552402
1104 0.0512141517139355
1106 0.0982486771118982
1107 0
1109 0
1113 0
1115 0
1118 0
1120 0
1121 0.0322451944834814
1123 0
1125 0
1134 0.33450189261483
1139 0
49 0
52 0
1141 0.0243973364143078
1142 0
1146 0
1148 0
1150 0
1154 0
1157 0
1159 0.0044875242092301
1160 0.0587631908553001
1239 0.0107858670188738
1163 0.0111203868508514
1164 0.0130446093312139
1165 0
1168 0
1170 0.0161718358003011
1171 0.0211455464016533
1176 0
1187 0.0239210605003489
73 0
84 0
89 0
1189 0.0585793612106055
1190 0.0205181215086271
1192 0
1195 0.0470555670887828
1197 0
99 0.0245349069512725
1198 0
1205 0
1206 0
1207 0
1209 0.0177356570360514
1210 0.035582301352157
1211 0.0162199567737939
1212 0.0562777028540804
1213 0
1232 0
1223 0.00488514736312805
131 0.0112966581666224
160 0
164 0
167 0
176 0
186 0
194 0
198 0
199 0.016264905713488
209 0
221 0.0629100761659661
250 0
260 0
267 0
279 0
285 0.0349584108221791
293 0
296 0.0482686241377825
297 0.0649016576381106
329 0.0159906360430983
331 0
332 0.0114798752579133
334 0
339 0
343 0
345 0.032482379645987
1224 0.0279408223292687
349 0
350 0
355 0.0336357038845689
356 0
357 0
358 0
359 0.0293555437835817
360 0
367 0
374 0
375 0
377 0.0197609106483191
382 0
385 0.0347649666021599
388 0
389 0
390 0
391 0.0270045413865377
394 0
395 0
396 0
397 0.00423449464473674
399 0.0780901653271274
400 0
403 0
406 0
408 0
411 0
413 0.0256519857447411
418 0
419 0
422 0.0154242979221859
423 0
426 0
427 0
428 0.0193570744395038
430 0
432 0
433 0.0136316431885762
434 0
435 0.0301175014670105
436 0
438 0.00376306783391817
443 0.0314993787365503
444 0.0127306154319748
446 0.0189929122544535
448 0.00970644087347254
451 0
452 0
453 0
456 0.0155366128254027
458 0
459 0.0168734538549822
461 0
464 0.0224159813080485
466 0.131267740690793
469 0.165745285093772
471 0.0218408659840834
480 0
483 0.0331811207331428
485 0
489 0
499 0
1218 0.278645030934806
501 0.0573078397805272
503 0
505 0
507 0
508 0
510 0.0151324911525463
512 0
513 0
514 0
516 0
521 0.00868914750952662
524 0.0268562784871239
530 0
533 0
537 0
538 0
540 0
543 0
544 0.0265880050958803
545 0
548 0.0154312793635795
549 0.00978674838693367
550 0
551 0
554 0
555 0
556 0
557 0.011758283533043
558 0
560 0
564 0
570 0.0148327223379722
571 0
574 0
575 0.00915837860887589
576 0.0169836659873081
577 0
1233 0
581 0
583 0
1230 0.127642413709558
584 0
588 0
590 0.00473530333089694
592 0
594 0
602 0
610 0
611 0
612 0
614 0.0204712787419721
616 0
621 0
629 0
632 0.0157703295408947
642 0.0292572166002925
643 0.0323753685857483
647 0.0207178090867118
649 0
652 0
654 0
657 0
658 0
660 0.0191280486148217
662 0
668 0
674 0.0112404043704397
675 0
677 0
678 0
679 0
681 0
682 0
685 0
687 0.0282280885714411
688 0
690 0.0185520835314479
695 0
700 0
702 0.00417867251259325
703 0
706 0
707 0
708 0
710 0.0204966691782919
712 0.0302176302845761
714 0.0238543354592108
715 0.0392625503302458
716 0.0105412801859448
720 0.0058954303949367
723 0
724 0.00928613704825929
725 0.0433119314302682
727 0.013333921740925
728 0.123096255891089
729 0
731 0.0995955891914385
732 0
733 0.0144128424829682
742 0
744 0
745 0
751 0.0108995925567411
752 0.00951475547745657
753 0
754 0.00889755125182524
755 0.00408545076327679
756 0
759 0
761 0
765 0
769 0.0136270377114364
770 0
771 0
772 0
774 0
775 0
777 0.056980599813505
778 0.00342086362514629
779 0
783 0
786 0.053823900987965
787 0.0233488233901405
788 0.0298992153192715
789 0.0963502562638835
790 0
791 0.0400246196092821
793 0
795 0.0624467169740228
796 0.0137906712623351
797 0
798 0
800 0
802 0
803 0
807 0
808 0.0109809787036496
811 0
813 0
814 0.0419481947206542
816 0.217661682654096
817 0
818 0
821 0
822 0
825 0
827 0
828 0.0822543798986638
829 0
831 0
841 0.00856950375665121
844 0.00632475265478909
849 0
851 0.0333533315403907
852 0
854 0
885 0.00454658553355133
894 0
906 0
907 0.144141756404136
909 0
