108 0.244203390232854
110 0.0156113403114772
1268 0
1259 1.53802608019388
1250 1.23728911694411
112 3.84893202820822
113 0.507995499514057
120 0.025257990019541
1271 0.00538307912242028
122 0
124 0.21952602697376
1244 10.0702848587723
126 8.03775093057693
127 0
128 18.905984938111
1263 0.256604860196977
132 0.981711668099996
134 0.0943523141269563
140 0.0116440577484751
141 0.0125676960178933
145 0
147 0
148 0
149 0
150 0.14588411619797
151 0.144306807985238
152 0
154 0
158 0.0126835584281609
168 0
169 0.262353019153472
171 0
1288 1.71016719227021
174 0.0263185184988555
175 0.212800050242797
177 0.0187732634021366
178 0
1302 0
179 0.10319286274687
181 0.913872536472997
182 0.028192891252434
1265 0.278115274906284
184 0
185 0
188 0
189 0
191 0.0262975955752439
192 0.101859057231391
195 0.00566782484387114
197 0.0224360106707229
1282 0.284007708332195
1292 0.0252478022212339
204 0.114559592373524
205 0.00901489704411325
212 0.176643054329691
214 0
215 0.655078679392916
216 0
217 0.0103408991324161
223 0.00817854755601814
225 0.016454105040577
227 0.0211811436648368
229 0.0140013574641558
234 0.0472592112953207
236 0.00958129961861911
237 0.358851335740437
238 0
239 0.0135357086071086
241 0.0551797616415237
242 0.0228897738416323
243 0
245 0.272354961032168
246 0.0121872513363214
251 0.26165108395024
252 0.25601364763211
253 0.312518278060479
262 0.223758645006154
266 0.349891546626394
271 0.709338589849768
274 0.816140422961574
275 0.488696040853026
276 0.288100971697628
280 0.614692218767727
283 0.187754444218762
284 0.648773538315798
287 0.132694394650168
289 0.24310398138313
290 0.286413425341073
291 0.522509571336888
1226 0.466064921940513
295 0.197563281860024
298 0.196235097951359
299 0.242994597737722
301 0.184026949272331
302 0.32504854368932
1227 0.245335170044904
304 0.107470914438803
305 0.0359622253646407
307 0.0316427305381569
315 0.116063758361749
317 0.199257096324993
1228 0.189444543719441
324 0.125877875176399
326 0.17777505131989
328 0.136636057631515
915 0.0874194806599111
916 0.0274493518408312
917 0.0610365219436716
918 0.0332468521996826
919 0
920 0.00639723432172763
922 0.0279441371641216
924 0.500765089159576
927 0.109652193469764
928 0.07315330002474
929 0.0181268128422469
931 0.0119628293397813
932 0.00952502651144619
934 0.166328060297203
937 0.0262420934008057
938 0.0815976860617747
942 0.819148004838993
3 0.0461164333435077
947 2.77470381063729
948 0.119846661021686
949 0.452368748919708
950 0.0673386835103506
952 0.0300789833965974
953 0.122879868576383
954 0.0765640076222478
956 1.07556146738736
958 0.048272275046573
959 0.071224960353992
960 0.138712176820814
962 0
965 0.368479374748154
966 0.111231600708861
967 0.312277572519052
968 0.0961708422423069
971 0.196820892334987
972 0.0320580231388876
977 0.134412739021695
978 0.00801287797730931
979 0.0405196687412451
980 0.121375981582743
981 0.0219750549719592
7 0.0157935770073601
983 0.0708316619936857
985 0.0675805382967134
986 1.29846972409951
987 0.339326831740238
988 0.942060002334721
989 0.515071612454443
991 0.686432990854324
994 0.0617787305759787
998 5.70076712426614
1000 0.130679816098126
1002 0.83360120737331
1003 0.0505050372776003
1004 0.00386566115492196
1008 0.0115859724321362
1009 0.3148310931618
1011 0.159420157316775
1017 0
1023 0.026681317467964
1025 0
1026 0.364293497176298
1030 0.201527926922316
1032 0.106879980714887
1033 0.0233734900061368
1034 0.0190072691144832
1035 0.14636207775358
1036 0.415527712648893
1037 0.044415670059642
1042 0.195208294364429
1043 0.094732998250283
1046 0.284350328531026
1048 0.0434050803913348
1051 0.244935850153932
1052 0.0541500836728754
1053 0.459209576089984
1056 0.672212457742706
1057 0.125442305399382
1060 0.313570990052881
1062 0.110362038140644
1063 0.0971523749118837
1068 0.161588902426812
1069 0.240997573234654
1070 0.0644724704743759
1071 1.49016302586437
1074 0.112648578261851
1077 0.109015738132838
1078 0.669679217492812
1079 0.0567490773488845
1080 0.0814131075631442
39 0.0735462209319944
1082 0.14486696134718
1083 0.239953393413211
1085 0.0668825120954382
1086 0.264450849702297
1090 0.0717450311247435
1093 0.0396814827817897
1094 0.385454956680496
1095 0.0578199875974746
1096 0.101712178719046
1098 0.0649029410977481
1100 0.237051345010095
1101 0.379279202760106
1102 0.0979477622431891
1103 0.340695146856039
1104 0.156527413247343
1106 0
1107 0.0707635321740119
1109 0.0191206367834367
1113 0.036831491663234
1115 0.0884296091777918
1118 0.160107799835556
1120 0
1121 0.520796683011151
1123 0.0635588168723035
1125 0.10690639766441
1134 0.307173495741494
1139 0
49 0.0147130388883887
52 0
1141 0
1142 0.0243884203462672
1146 0.121115819906976
1148 0.0245253823866973
1150 0.0280589925665566
1154 0
1157 0.0656278258682639
1159 0.0480243904339931
1160 0.385810022890543
1239 0.029853568532849
1163 0.0199533959708287
1164 0
1165 0.0065009816299813
1168 0.65154573634115
1170 0.128112554095585
1171 0.221083325201422
1176 0.257593883490121
1187 0.0871444234027708
73 0.0570494055138288
84 0.114300350932776
89 0.232908932956727
1189 0.053368692113685
1190 1.32059387854801
1192 0.106385666351401
1195 0.0135685672326735
1197 0.019907922074137
99 0.175133697624013
1198 0.0798623471942061
1205 0.0878197229705922
1206 0.179062486654117
1207 0.0534623767290304
1209 0.0278879965785972
1210 0.11633511284663
1211 0.0650215331335161
1212 0.344334670245433
1213 0.986195433958239
1232 0.125783366656932
1223 0.188906113501702
131 0.124401913875598
160 0.0214399596700679
164 0.00525038780290342
167 0.179096699008391
176 0
186 0.195681761432442
194 0.0156015622174809
198 0
199 0.139548237419952
209 0
221 0.0966371152675971
250 0.0549644537640055
260 0.0567008659777573
267 0.100241932304354
279 0.031494987065262
285 0.042622762116138
293 0.0539621459573135
296 0.00650941318947484
297 0.239744603775028
329 0.0871126181156349
331 0.760552788401672
332 0.246938714229949
334 0.142016550286535
339 0.0649572469601528
343 0.0336149382355266
345 0.135266536311092
1224 0.0245917090018288
349 0.0770743196582347
350 0.134073882717644
355 0.111996897540717
356 0.0774379922437517
357 0.057720318070677
358 0.0545933496712283
359 0.117990642764613
360 0.11382264051263
367 0.966886573028096
374 0.0461154219628907
375 0.133790425953762
377 0.0615315363572376
382 0.0998146684086374
385 0.277359136025969
388 0.00569412428223734
389 0.0548305994436361
390 0.179195117403702
391 0.00796900026759227
394 0.113758063526456
395 4.36981878892666
396 0.0698486282576865
397 0.0551076877957849
399 0.0732844285633376
400 0.0788295106813625
403 0.221235067630136
406 0.0630995368254258
408 0.0531935663721979
411 0.0533372009753709
413 0.611572436881399
418 0.0628613261430518
419 0.170508893991275
422 0.0549384667861791
423 0.0714641255306973
426 4.13441736511928
427 0.0873855991248918
428 0.013118687360314
430 0.0625157050959896
432 0.078816584059599
433 0
434 0.0183615144839064
435 0.0538249022312622
436 0.0111567367955686
438 0.932299643892311
443 0.213037657251409
444 0.181612487758278
446 0.0607096285951746
448 0.354035109960797
451 0.0436664126357944
452 0.0270687901055999
453 0.0484080431259106
456 0.0181182363348115
458 0.00476296404686164
459 0.0804007306489466
461 0
464 0.029510558856748
466 0.0737926779417551
469 0
471 0.0104183652576484
480 0.0479245202564318
483 0
485 0.113078898872802
489 0.382391482934696
499 0.110417917155918
1218 0.07825742558059
501 0.124376927272629
503 0.142815423431114
505 0.0107963181587885
507 0.0735807430723399
508 0.0585395713626256
510 0.0984613165314755
512 0.0648570432900096
513 1.04215126952106
514 0
516 0.039800933755877
521 0.0725405592927261
524 0.0227239939608369
530 0.00739607672303407
533 1.86140178933526
537 0.0338120423535269
538 0.333204466055579
540 0
543 0.0578569705282995
544 0.014267725875635
545 0.0449372099336355
548 0.0635678291795628
549 1.11931995687655
550 0.0223898207412145
551 0.0457125041473531
554 0.05019922268887
555 0.0426638339018083
556 0.349593340923577
557 0.0314980823417942
558 0.028776396483687
560 1.74453964948176
564 0.0135364175530214
570 0.10791592630821
571 0.0618491614709064
574 0.0479387775545819
575 0.217266714230711
576 0.0433004169722592
577 0.0395467309907835
1233 0.0493632063362593
581 0.0592383074254566
583 0.0256924336763253
1230 0.229781306997736
584 0.00655389392825039
588 0.116352808106923
590 0.0338618650900296
592 0.109773471840692
594 0.0372618397500076
602 0.0417158662033134
610 0.0731870201831223
611 1.14664297948401
612 0.280760035478006
614 0.390939956182522
616 0.176643939797713
621 0.0803404338180002
629 0.0256330381847207
632 0.08809683994498
642 0.0582355701070977
643 0.0488047171334225
647 2.4480689576059
649 0.0370931777294331
652 0.15334781146993
654 0.0737578547574384
657 0.049910624198395
658 0.409290724489142
660 0.065008739437959
662 0.194451606158306
668 0.0311119730847232
674 0.0200835661026339
675 0.0713317365730518
677 0.0314373391972219
678 0.0116206683753677
679 0.00850359620647954
681 0.061903547453668
682 1.63212512059919
685 0.00428661183738039
687 0.028437803000057
688 0.0666600372554238
690 0
695 0.113434587664016
700 0.0586736080434588
702 0.0856851701500391
703 0.0153241902058686
706 0.00962811683158426
707 0.12918690893805
708 0.031546413446616
710 0.0331116551082955
712 0.102406962359206
714 0.0491328186943019
715 0.0912100856633455
716 0.157024034316134
720 0.00897975538006448
723 0.0113123828258039
724 0.10348989849913
725 0.224648363700616
727 0.0184452800409116
728 0.441907612586642
729 0.0915034717509876
731 0.0421686041975502
732 0.225235359821286
733 0.180395673380875
742 0.0708915718771267
744 0.00565762877675182
745 0.0509166942471337
751 0.268293342504736
752 0.283415340828417
753 0.073137844751738
754 0.130346507421841
755 0.00646014304019085
756 0.0382193384186067
759 0.00598426017978434
761 0.0124202259001585
765 0.00523020599366702
769 0.0702056639808887
770 0.0458238530677009
771 0.153070468780621
772 0.230713082459634
774 0.28512780619748
775 0.0520528688148729
777 0.162319269909345
778 0.0316018755404829
779 0.828332401303834
783 0.0462850162741887
786 0.210039614681972
787 0.096462742622106
788 0.114968684759917
789 0.202363667200291
790 0.18948725089076
791 0.101444182729581
793 0.0513342116233501
795 0.136928570467371
796 0.0345804252972924
797 0.0519521928532987
798 0.27423268494848
800 0.0303113895809053
802 0.0467569768018801
803 0.0211315584143719
807 0.281038607423262
808 0.094437031730855
811 0.0794213262175672
813 0.0626665680787246
814 0.240993675654977
816 1.67168720378394
817 0.0808723345029411
818 0.0665717400493915
821 0.0788243028114394
822 0.0617811105752082
825 0.13313225946914
827 0.599660867430063
828 0.166314300446806
829 8.9766123961177
831 0.0408760298036475
841 0.122735589988353
844 0.319754710462675
849 0.173192904004001
851 0.0457071409434301
852 0.213732944872265
854 0.0835000825673939
885 0
894 0
906 0.313348651669362
907 0.80860147191903
909 0.941121693892541
