108 0.601067039095094
110 1.11587679212771
1268 0.751394634967839
1259 0.380593967420223
1250 0.445717605116436
112 0.262881530186231
113 0.633337391607349
120 0.684029080697701
1271 0.670899856267844
122 0.466042704476182
124 0.557809058237044
1244 0.246217321856865
126 0.574637030222425
127 0.40454463188106
128 0.703149781481343
1263 0.559840530981872
132 0.478452529124628
134 0.710888193681818
140 0.588088738782607
141 1.203029220942
145 0.734646598380177
147 0.714112395628721
148 1.19965598216174
149 0.283816690798971
150 1.00645200337823
151 0.420720468044457
152 0.721875218822212
154 0.519388063715834
158 0.882252071118036
168 0.459836932263838
169 1.27521852822679
171 0.690775728818137
1288 0.295531530818827
174 0.565892522326662
175 1.42463711355134
177 0.150873132885387
178 0.377076741561287
1302 0.462725975639356
179 0.235645907851773
181 0.349497017784707
182 0.196252518203195
1265 0.344688225277595
184 0.389008736138749
185 0.399426457082813
188 0.482103120061157
189 0.164113143479514
191 1.31441033125923
192 1.41832608434609
195 1.05358787879729
197 0.428461127851473
1282 0.258681044730337
1292 0.460098054744948
204 0.255535868149809
205 0.258922721431054
212 1.0413284610977
214 0.399208416687116
215 0.420608596188334
216 0.74315900858736
217 0.227905091578302
223 1.37813200665004
225 0.598488330358607
227 1.73442326249995
229 0.234232547943358
234 0.31674662473248
236 0.559268257386057
237 0.397053293016306
238 0.5614719202233
239 0.692870311083227
241 0.300615074977776
242 0.4493821116177
243 0.505099634176967
245 0.353372226531084
246 0.277751653262243
251 0.355626176157479
252 0.0859920090643449
253 0.216174621278587
262 0.768611236427504
266 0.299523831933636
271 0.878155237923554
274 0.364641936548741
275 1.07279404531593
276 1.14878260192218
280 1.66387833791672
283 0.586605968013988
284 0.84948971630099
287 0.338121347740796
289 1.16121786490333
290 0.398635799281819
291 1.3125828224932
1226 1.31068403563992
295 0.440063026525172
298 0.202801915689112
299 0.157753091142057
301 0.129403503296532
302 0.693511800788073
1227 0.457105032470438
304 0.567769825954999
305 0.412772662320721
307 0.383398465756441
315 0.643245419770486
317 1.1997388417487
1228 1.53201967165745
324 0.65772499253201
326 0.646849861916268
328 0.57272754823614
915 0.321808962555611
916 0.274444866289207
917 0.359779001260645
918 0.250504920999347
919 0.20241374800339
920 0.319781983571636
922 0.129418113629922
924 0.522507855508464
927 0.239316207385313
928 0.376083851706121
929 2.07045900119434
931 0.0666696377767666
932 0.41791635210334
934 0.653683386619615
937 0.498238096551695
938 1.25216834907322
942 1.20859475283275
3 0.314292128687376
947 0.333512168547537
948 0.450309808609927
949 1.35177697382422
950 0.192766033277401
952 0.160578500777945
953 0.382673163665498
954 0.373759183037498
956 0.223380645888883
958 0.212513551411267
959 0.28614476847014
960 0.991063126988011
962 0.0619913921603958
965 0.619219826096206
966 1.12004624613975
967 0.819144308084742
968 0.831120539155558
971 1.72244718599074
972 0.561811930839615
977 0.603493187969615
978 0.274245009301832
979 0.37099545398499
980 0.296037221638218
981 0.311093238391821
7 0.230262162186224
983 0.396979301114305
985 0.34518051927782
986 0.566087248693226
987 0.260333586034732
988 0.304101759255656
989 0.395620413364487
991 1.4100935622122
994 0.594105933405098
998 0.501433302836038
1000 0.505086245951977
1002 0.428601186950893
1003 0.341530913344858
1004 0
1008 0.527675196252613
1009 0.209095958622694
1011 0.403269286851622
1017 0.777062736578046
1023 0.252950447582573
1025 0.298773588752149
1026 0.581357441055534
1030 0.191064161980388
1032 0.295689661577631
1033 0.776856576839279
1034 0.39299230917681
1035 0.2018136323618
1036 0.931296103778501
1037 0.637014012146403
1042 1.01743134792329
1043 0.371143894520422
1046 0.889564139242756
1048 0.665181274923159
1051 0.512977407263101
1052 0.739737339930151
1053 0.933445041796272
1056 0.809512800443441
1057 1.61154258880502
1060 0.475885614300774
1062 0.655758343265793
1063 1.40929077209513
1068 0.37271651867677
1069 1.26812507775119
1070 0.904744892558484
1071 1.44750225812205
1074 0.158680874778203
1077 0.630096907272801
1078 1.30776650919375
1079 1.43193162359598
1080 1.41021720161309
39 0.0568335949479095
1082 0.589441491409058
1083 0.458558289167061
1085 0.296499310913469
1086 1.07032566764962
1090 0.498072958339558
1093 0.72072137511627
1094 1.12641104219475
1095 0.360863684526629
1096 4.4002500391511
1098 0.134180614539096
1100 0.265644240737709
1101 0.585853916046398
1102 0.360771858238474
1103 2.59344210429013
1104 0.244700761016641
1106 2.65704933810852
1107 0.541752068519083
1109 0.973765200385784
1113 0.0973942009778462
1115 0.243828761372271
1118 0.984988311249467
1120 1.23932046976063
1121 1.06642824816848
1123 2.25848824491897
1125 0.626684204978253
1134 2.20068191025112
1139 0.320819795051237
49 0.539476037140859
52 0.299699830148913
1141 0.32598381707755
1142 0.448825576919704
1146 0.484316475404903
1148 0.674101997402426
1150 0.320992709050752
1154 0.202755401974899
1157 0.145926219064544
1159 0.323453824181562
1160 0.518737133067476
1239 0.313898908520682
1163 0.397333312331659
1164 0.177321469902426
1165 0.406174515662893
1168 0.597081645219652
1170 0.468652980745108
1171 0.381887447259321
1176 0.225346253219687
1187 0.892992173446674
73 0.245850334285891
84 0.242792591958568
89 0.284092003665762
1189 0.37823474556514
1190 0.587406327786245
1192 0.265781587855589
1195 0.582947519422504
1197 0.276509615824996
99 0.368338836511925
1198 0.163566724184023
1205 0.303798922785001
1206 0.697597357871142
1207 1.241054357912
1209 0.488190418488246
1210 0.781746790276849
1211 0.18707009704038
1212 0.834170880209454
1213 0.473637121880728
1232 0.145305865702154
1223 0.104845754750865
131 0.308052529777053
160 0.105293181231409
164 0.194341476679295
167 0.216389697851146
176 0.128387185555546
186 0.186285290252546
194 0.6884690027604
198 0.064957095264496
199 0.354128879798602
209 0.0982125818209576
221 0.45673256453171
250 0.144513601504937
260 0.15188949552734
267 0.253081500721018
279 0.272943816685696
285 0.139599827815888
293 0.471108810721321
296 0.257510447132484
297 0.640792903961175
329 0.332740650149395
331 0.27999822111536
332 0.61566997396202
334 0.845961145998919
339 0.160630435240361
343 0.392338309606692
345 0.630486565152677
1224 0.790489225980133
349 0.259461857518863
350 0.182033707638725
355 1.27271897234801
356 0.5043255864695
357 0.83607444703176
358 0.76646279654709
359 0.264735508972173
360 0.177721612548382
367 1.46338059655348
374 0.484784491431271
375 0.746736875109509
377 1.03788197018948
382 0.136928706019214
385 0.173884761845309
388 0.438398267906688
389 0.456778347555634
390 0.188840748452676
391 0.419236427374305
394 0.784683599946487
395 0.796953612383969
396 0.512930137696809
397 0.805286163092473
399 0.429472096220284
400 0.362384529051196
403 0.501414679317979
406 0.356475556368143
408 0.444019749329243
411 0.543710901815274
413 0.420218713958262
418 0.34808790699023
419 0.56283628745428
422 0.515134742066965
423 0.113467399550155
426 0.652097479508648
427 1.26344349514742
428 0.488519853908872
430 1.17226527163534
432 0.437126567607572
433 0.299269656246191
434 0.391677447273549
435 0.919248583807528
436 0.0647478740280343
438 0.556462929588508
443 0.490809455289803
444 0.641358914493655
446 0.512201313166379
448 0.924451892318502
451 0.409600125521137
452 0.647044673118292
453 0.540311810568499
456 0.461935987868483
458 0.295437917463496
459 0.370475183554529
461 0.257010759439481
464 0.62573209496567
466 0.656734108352405
469 1.7823401427068
471 0.827963027217098
480 0.749669866067562
483 1.26906160669245
485 2.44439625766863
489 0.387626529415276
499 0.262676191300778
1218 0.970285407333281
501 1.75334555626961
503 1.20809529358742
505 0.17229358732252
507 0.340222584452814
508 0.0753396308318627
510 0.087794072846645
512 0.653392277261648
513 3.14541404906837
514 1.54969026937909
516 0.945492137512794
521 0.370844468053967
524 0.733248392722723
530 1.22894472826159
533 0.847929544923867
537 1.27506699277063
538 0.634292216383922
540 0.371686387818749
543 2.50825671925334
544 0.628021059769429
545 0.409879866590203
548 0.215604905642133
549 0.425828744995567
550 0.543297930734939
551 0.6011104676969
554 0.167224685991757
555 0.70578513862954
556 0.626775218037904
557 0.370184311238689
558 0.761094590280997
560 0.507042264725512
564 0.277584151512577
570 1.13446369756688
571 0.15407185202621
574 0.284893683206007
575 0.530260392444769
576 0.722331586963089
577 1.10555785570277
1233 0.414022925928115
581 0.506180957785725
583 0.526658178249842
1230 0.9987718118764
584 0.229365382532199
588 0.35537591468341
590 0.398248364849529
592 1.64765545176236
594 0.284162532993538
602 1.1582927312997
610 0.288180336997546
611 1.03766241306521
612 1.112694845152
614 0.549259977917842
616 0.579600756013464
621 0.376436858993614
629 0.489289063139148
632 0.445809518295738
642 0.842641830888871
643 0.317023384121034
647 0.673205074360562
649 0.295550881968602
652 0.481758707169382
654 0.201504496244017
657 0.705428007722949
658 0.152572705143809
660 1.2032394787129
662 1.75401594950593
668 0.573645850003933
674 1.39999236433826
675 0.698671535777239
677 0.854904405520842
678 0.358374962274944
679 0.909828978226917
681 0.653937286165733
682 0.550549471467458
685 0.131900033124263
687 1.06698138455396
688 1.49920307007101
690 0.882920938017079
695 0.628871464463089
700 0.655503541347343
702 0.983891631757675
703 0.712859830137128
706 0.259423167638783
707 0.224544998669236
708 0.886307441407792
710 0.227031338078686
712 0.384388988810495
714 1.27886345514913
715 0.533858729308676
716 0.769313184048679
720 0.34077114768576
723 0.403567294460412
724 0.563655798093656
725 0.515359812307297
727 0.722517363432112
728 0.724124265263062
729 1.52097661412885
731 0.835194143195235
732 0.300158502207329
733 1.00162339305342
742 1.02974078573024
744 0.350259552111618
745 0.587449864746731
751 1.48285493189401
752 0.310935269770674
753 1.35036452267491
754 0.787224023557311
755 0.834426964194656
756 0.729206152364815
759 0.527959037535022
761 0.976622685824083
765 0.23171917822333
769 0.44488662791304
770 0.52716854011103
771 1.05253269301449
772 1.109261297227
774 0.978404614712212
775 0.92964809331981
777 0.89697871466611
778 1.66129945396969
779 0.586270305828027
783 0.646338225605379
786 2.3960019813833
787 1.5875992887882
788 1.75971060398819
789 0.689002370285799
790 0.548444473005876
791 1.4841200561043
793 0.715177664900887
795 1.42902601992716
796 0.485995602294315
797 0.685323097648567
798 0.826527417129079
800 0.239457411585246
802 0.548716954068353
803 0.378239163669349
807 0.807280820202086
808 0.397615651141985
811 1.42431500579728
813 0.649876068527193
814 0.601227349086552
816 0.646181954174399
817 0.393958817108993
818 0.521339577724875
821 0.499774346783863
822 0.411025393479359
825 0.573635192875507
827 0.386603666423114
828 1.24440201704108
829 0.315955755329447
831 0.420356767518794
841 0.325381374317751
844 0.35215720666007
849 0.803060368921186
851 0.804825927483896
852 0.870315549167434
854 1.41722549570419
885 0.22398717339038
894 0.098835449815511
906 0.436016717397508
907 1.61524223991753
909 0.265550921794662
