108 0.0319943581840949
110 0.0269949411424079
1268 0.0295126054171072
1259 0.0336135413682059
1250 0.0274700867356527
112 0.0270970478320016
113 0.0161967115385826
120 0.0234444838157159
1271 0.0296074678733452
122 0.0265777074159105
124 0.033594504772578
1244 0.0474611066880974
126 0.0333339303101797
127 0.0357630643826146
128 0.0311588411493021
1263 0.0331615862845543
132 0.0395915722436098
134 0.0291976715690044
140 0.0279362834134345
141 0.0327969492923189
145 0.0251995461283576
147 0.0346809619084107
148 0.0278196848069343
149 0.0328265002249065
150 0.0270499028849903
151 0.035919907517131
152 0.0272179819340382
154 0.0374067704491201
158 0.0208396054612251
168 0.033626491248597
169 0.037659132262641
171 0.0289007344797003
1288 0.0340713358480796
174 0.0442480695057563
175 0.0394388507658101
177 0.0198258568182917
178 0.0261615564653949
1302 0.0343255379976303
179 0.0263408644515586
181 0.0298795479752736
182 0.030132759013355
1265 0.0285861741809675
184 0.0299692621180315
185 0.0333207282732006
188 0.01353624095412
189 0.0277656405163853
191 0.0284368794854545
192 0.0318484995454113
195 0.0295121763823428
197 0.0198993694047276
1282 0.0418010772620591
1292 0.034059478625345
204 0.0337391566304087
205 0.0352000963672635
212 0.0205678908677555
214 0.0396766712873508
215 0.0364777230934306
216 0.0274266411623459
217 0.0435873280168259
223 0.0303030066952217
225 0.0372525550432567
227 0.0381787531883031
229 0.0449818091371671
234 0.0404485500330064
236 0.025916797862279
237 0
238 0.0342937460938479
239 0
241 0.0291373156016047
242 0.0282599604539778
243 0.0349135327374286
245 0.037739955327156
246 0.0201214715045473
251 0.0260819771897794
252 0.0286242471226668
253 0.0318668845411476
262 0.0367060719807631
266 0.0332213860640624
271 0.0296859065966843
274 0.0148575612634063
275 0.0301392889378248
276 0
280 0.0217884556009507
283 0.0194847973718837
284 0.0227089556211986
287 0
289 0.0347107170510116
290 0.027329228493221
291 0.0172527496846438
1226 0.0236237663392342
295 0.0239289938489011
298 0.0440781113420842
299 0.029554208301422
301 0.0271025993926797
302 0.015397489539749
1227 0.015483836341843
304 0.015375536279671
305 0
307 0
315 0.0312524198169457
317 0
1228 0.0267244066945988
324 0
326 0.0505042243056905
328 0
915 0
916 0
917 0
918 0
919 0
920 0.00892050841611359
922 0.0106314550066503
924 0
927 0
928 0.0102311067041347
929 0
931 0
932 0.00827539003404628
934 0
937 0
938 0
942 0
3 0.0507662011202811
947 0
948 0
949 0
950 0
952 0
953 0
954 0
956 0
958 0.00806567201288504
959 0
960 0
962 0
965 0
966 0.0100900016296844
967 0
968 0
971 0
972 0.0103281230656963
977 0.00787238901027784
978 0
979 0
980 0
981 0
7 0
983 0
985 0
986 0.00889371855342568
987 0
988 0
989 0
991 0
994 0
998 0
1000 0
1002 0
1003 0
1004 0
1008 0
1009 0
1011 0
1017 0
1023 0
1025 0
1026 0
1030 0
1032 0
1033 0
1034 0
1035 0
1036 0
1037 0
1042 0
1043 0
1046 0
1048 0
1051 0
1052 0
1053 0
1056 0
1057 0
1060 0
1062 0
1063 0
1068 0
1069 0
1070 0
1071 0
1074 0
1077 0
1078 0
1079 0
1080 0
39 0
1082 0
1083 0
1085 0
1086 0.00616887284803808
1090 0
1093 0
1094 0
1095 0
1096 0
1098 0
1100 0
1101 0
1102 0
1103 0
1104 0
1106 0
1107 0
1109 0
1113 0
1115 0
1118 0
1120 0
1121 0
1123 0
1125 0
1134 0
1139 0
49 0
52 0
1141 0
1142 0
1146 0
1148 0
1150 0
1154 0
1157 0
1159 0
1160 0
1239 0
1163 0
1164 0
1165 0
1168 0
1170 0
1171 0
1176 0
1187 0
73 0
84 0
89 0
1189 0
1190 0
1192 0
1195 0
1197 0
99 0
1198 0
1205 0
1206 0
1207 0
1209 0
1210 0
1211 0
1212 0
1213 0
1232 0
1223 0
131 0
160 0
164 0
167 0
176 0
186 0
194 0
198 0
199 0
209 0
221 0
250 0
260 0
267 0
279 0
285 0
293 0
296 0
297 0
329 0
331 0.0297767499777639
332 0.0226577614200351
334 0.0248455405686625
339 0.026857720410183
343 0.0244828385632021
345 0.0245857126537073
1224 0
349 0.0244675243725801
350 0.0247494095941635
355 0.0154689975272571
356 0.0166817404401776
357 0
358 0.0171391097661197
359 0.0259874732348346
360 0
367 0.0272268491873612
374 0.0246949112508857
375 0
377 0.0146430716055787
382 0
385 0
388 0
389 0
390 0
391 0
394 0
395 0.0213741130844828
396 0.0095251770171259
397 0
399 0
400 0
403 0
406 0
408 0.0173873400600209
411 0.0253471561248241
413 0
418 0
419 0.0258231111988005
422 0.0124028154377206
423 0
426 0.0108539572919058
427 0.0159696477597632
428 0.0213747829269622
430 0.0160718099809026
432 0.0120152580842049
433 0.0210940188349374
434 0.0232550384653569
435 0
436 0
438 0.0156389036809358
443 0
444 0.0128957769063938
446 0.0112140265084688
448 0
451 0.021889242539711
452 0.0122239723466717
453 0
456 0
458 0.0145708874902837
459 0.0167489294470085
461 0.0157921988967396
464 0
466 0.059470233842839
469 0.02590646334058
471 0.0144857882340825
480 0
483 0.0185059168488313
485 0
489 0
499 0
1218 0.0110138272722563
501 0.0188622948517856
503 0.0148741788243024
505 0.0125729980533852
507 0
508 0
510 0
512 0
513 0
514 0.0197444403140722
516 0.0156976075926504
521 0
524 0
530 0
533 0
537 0.0111706602405592
538 0
540 0
543 0
544 0.0163057084761045
545 0.0274657986824866
548 0
549 0.0199771019522933
550 0.0193314945186107
551 0.0207167515706571
554 0
555 0.0229773304887406
556 0.0228460869391528
557 0.0130100595624391
558 0.013830239700381
560 0.012652608919433
564 0.0125282373664336
570 0
571 0.0152971573398438
574 0.0125411462424891
575 0.0123586016170855
576 0.0109344937382869
577 0.0122920866935484
1233 0.0153388466900001
581 0
583 0.0203834299653783
1230 0
584 0
588 0.0142932988619838
590 0.0104844769829356
592 0.0129213256986871
594 0
602 0
610 0
611 0.0158193332199777
612 0
614 0.0134795585880521
616 0.0093974851482713
621 0.0129459726517752
629 0
632 0
642 0.0126149928604942
643 0.0105424837163186
647 0.0144767741158692
649 0
652 0
654 0
657 0.011140071665897
658 0
660 0
662 0
668 0.0125417160568505
674 0
675 0
677 0.00920219642336599
678 0.0127062490709501
679 0.0111543602473524
681 0.0102693396188952
682 0.0121956717537903
685 0.0127689636405031
687 0
688 0.0126920545105674
690 0
695 0.0108311491337293
700 0
702 0
703 0
706 0
707 0.0135783614354888
708 0.0121546501126689
710 0
712 0
714 0.0120540941313034
715 0
716 0
720 0.0112129395482524
723 0.0117590638584117
724 0
725 0.0115060060201347
727 0
728 0
729 0.0113829905598206
731 0
732 0
733 0.0120283574244593
742 0
744 0.00824734425371845
745 0
751 0.013427737760754
752 0
753 0
754 0
755 0.0144701054785862
756 0.0118992961713044
759 0.0114287501998763
761 0.00977804426424883
765 0.0108835266885093
769 0.0101507525809679
770 0
771 0.0101285403338799
772 0.0123438892834467
774 0
775 0
777 0.00965195466220515
778 0
779 0
783 0
786 0.0125102412587367
787 0
788 0.00928370887625081
789 0
790 0.0115830887760712
791 0
793 0.00958154370848518
795 0
796 0.0147518903609007
797 0.0108896312919506
798 0
800 0.0131227702517277
802 0
803 0
807 0.0133592623280067
808 0
811 0.0130965787736399
813 0.0132707942866144
814 0.0145710068307867
816 0.0145534437486254
817 0
818 0
821 0
822 0.0110625935537585
825 0
827 0.0070608834015355
828 0
829 0
831 0
841 0
844 0.00978359932029896
849 0.00848974728604631
851 0
852 0.00912436197371421
854 0.0109357976240886
885 0
894 0
906 0
907 0
909 0
