108 0
110 0.00254816877600758
1268 0.013467910144499
1259 0.0264085998577859
1250 0.001752937223434
112 0.0751205963754632
113 0
120 0
1271 0.0152090702350466
122 0
124 0
1244 0
126 0
127 0.00176070859545834
128 0
1263 0
132 0.0223905306304426
134 0.00476616740955387
140 0.120548854457315
141 0.212449621270644
145 0
147 0.00831554536590508
148 0
149 0
150 0.00186089360593298
151 0.0302380481726457
152 0
154 0
158 0.0141309725570281
168 0
169 0.00226978984362548
171 0
1288 0.0483165703559601
174 0.0159934380450046
175 0.0165199361846702
177 0.443538816648136
178 0
1302 0
179 0.00128833309051132
181 0.00207622681899621
182 0.194976848275099
1265 0.0181012290509699
184 0.00190330181669384
185 0
188 0
189 0.077427042957363
191 0.0214650021066942
192 0.00749182442115966
195 0.00845932423192828
197 0.0106932051544756
1282 0.298487134437653
1292 0.00223166690020287
204 0.0495353304352896
205 0.0743053458599924
212 0.373491695014653
214 0.116440426489683
215 0.0082663310783005
216 0
217 0.0965701111612951
223 0
225 0
227 0.00199943141094174
229 0.00162280202523534
234 0.00212434775661914
236 0.0521135284237669
237 0
238 0.0325259826646808
239 0.62964207595089
241 1.56908740562909
242 0.00892189733479627
243 0
245 0
246 0.422502348958591
251 0
252 0
253 0
262 0.731438257464599
266 0
271 0.011331642121452
274 0.00234123137866369
275 0
276 0
280 0.00846479166517078
283 0.00990400664093892
284 2.48479246259847
287 0.220831528949788
289 0
290 0.064856956058196
291 0.0966410693341005
1226 0.00674053883292011
295 0
298 0.140836755081204
299 0
301 0.0415171576610456
302 0.0500483405776496
1227 0
304 0.00146767334245087
305 1.63992371536621
307 0.0665868450552464
315 0
317 0
1228 0
324 0
326 0.137365764549913
328 0.0953697694760306
915 0.0929814940682155
916 0.0413013051799737
917 0
918 0
919 0
920 0
922 0.0711931359794167
924 0.00722235270254401
927 0
928 0.00177043486146116
929 0.0284831520356951
931 0.00247013257024171
932 0.0512828798235899
934 0.0216979719626345
937 0.0131665118807157
938 0
942 0.00148642034593257
3 0
947 0
948 0
949 0
950 0
952 0.00440735090008615
953 0
954 0.0734623644258974
956 0.00229531009594084
958 0.00194646712651579
959 0
960 0.0121584699453552
962 0
965 0.0242487589258137
966 0
967 0
968 0
971 0
972 0
977 0.0376482505381336
978 0.361682233982052
979 0.249054513774486
980 0
981 1.31425655716512
7 0
983 0
985 0.00228722870943368
986 0.186253035670995
987 0.117403185248968
988 0
989 0
991 0.00959400663541776
994 0
998 0.00174632903254947
1000 0
1002 0.0206317470561086
1003 0
1004 0.169370757606734
1008 0.0242274680358682
1009 0.486455403874949
1011 0
1017 0.0527247071471767
1023 5.76628647599848
1025 0
1026 0
1030 2.11083166134456
1032 0.208007614977995
1033 0.0159687642865086
1034 0
1035 0
1036 0.00544442954938703
1037 0
1042 0.00229876457437049
1043 0
1046 0.00239923443684154
1048 0
1051 0
1052 0
1053 0.0134522163116383
1056 0.00204125593180525
1057 0
1060 0
1062 0
1063 0.00213590481380698
1068 0
1069 0.16208731527711
1070 0.0133120491766094
1071 0.00965958450554319
1074 0.0157447425734044
1077 0.295515861020789
1078 0.00652249277269843
1079 0
1080 0.0192939178831686
39 0
1082 0
1083 0
1085 0.0828738523768359
1086 0
1090 0
1093 0.0027354224802213
1094 0
1095 0.0518337670961977
1096 0
1098 0
1100 0
1101 0.00261162938967368
1102 0.00663707209431274
1103 0
1104 0
1106 0
1107 0.508290387736061
1109 0.131154653591026
1113 0
1115 0.0717744245039025
1118 0.0266884697082278
1120 0
1121 0.0491091632327371
1123 0
1125 0
1134 0.00506587123549151
1139 0
49 0.00255260162371016
52 0.00310213819305105
1141 0.0166747334072351
1142 0.243826052282526
1146 0
1148 0.0048129024187974
1150 0.0112798347068183
1154 0
1157 0
1159 0
1160 0.023227962453751
1239 0
1163 0.0555812607305433
1164 0.0146647844325466
1165 0.436206667320116
1168 0
1170 0.0309618822127446
1171 0.0145968616940591
1176 0.0413612857250915
1187 0.349565481529999
73 0
84 0
89 0
1189 0.0102782781934171
1190 0.00541647659977323
1192 0.106143644321027
1195 0.00644202136832405
1197 0
99 0
1198 0.192065521180159
1205 0
1206 0
1207 0.436811894434734
1209 0.00219025217005639
1210 0.0309469195304998
1211 0.0200851515742805
1212 0
1213 0.0353933701228797
1232 0.806513827421203
1223 0.597619527613063
131 0
160 0
164 0.0175379614236538
167 0
176 0.186890745467822
186 0
194 0
198 0.335521025318289
199 0
209 0
221 0
250 0.00298669743601123
260 0.0615489137123812
267 0
279 0
285 0
293 0
296 0
297 0
329 0
331 0
332 0.00528952775597222
334 0.00200408161123965
339 0.586923352278893
343 0.0170188726506894
345 0.00147585469271791
1224 0
349 0
350 0
355 0.002634078293798
356 0
357 0.00650969867483081
358 0
359 0
360 0
367 0.307102801071152
374 0
375 0
377 0
382 0
385 0
388 0.00266579986297688
389 0
390 0
391 0
394 0.0118182906380107
395 0.00878967483266084
396 0
397 0
399 0
400 0
403 0
406 0
408 0
411 0
413 0.0897640127225667
418 0
419 0
422 0.769142686344933
423 0
426 0
427 0.00859667747748855
428 0
430 0.0504643996884109
432 0.00122167266487897
433 0
434 0
435 0
436 0
438 0.0112131425072548
443 0
444 0.0735534607532139
446 0.12010735605661
448 0
451 0.00381860701424067
452 0
453 0.00561282953502692
456 0.0304381591342509
458 0.261184025225643
459 0.00175404922441916
461 0.031016866919718
464 0
466 0
469 0
471 0
480 0
483 0
485 0
489 0
499 0
1218 0
501 0
503 0.342958352580096
505 0
507 0
508 0
510 0
512 0.0167584278850272
513 0.264192610074609
514 0
516 0
521 0.124259868569642
524 0
530 0
533 0
537 0.0281332147682508
538 0.545186587792742
540 0.628051810065431
543 0
544 0
545 0
548 0.0023843714296135
549 0.0130959496820819
550 0.00639085015826005
551 0.00511469821946236
554 0.0221631570188062
555 0.00184877825926895
556 0.00211909418256895
557 0.00287430206064764
558 0.00207875434777125
560 0.891341096994319
564 0
570 0.00234332007304566
571 0.00194555901635456
574 0.640572963074268
575 0.00171768761462636
576 0
577 0.00845613119239631
1233 0.031338366200676
581 0.0697465862356461
583 0
1230 0.0103705855761838
584 0.0120308025032735
588 0.0214482583504536
590 0.0116527472753198
592 0.0023371679091817
594 0
602 0
610 0
611 0
612 0
614 0
616 0.250233691797418
621 0.00258215135777867
629 0
632 0
642 0.158622212768469
643 0.122493210953791
647 0
649 0.00490937786191843
652 0
654 0.14842652489548
657 0
658 0.224117809557363
660 0.0183392350954093
662 0.467312904286131
668 0.232731066945512
674 0.0310478436358535
675 0.0163177534627791
677 0
678 0
679 0
681 0
682 0
685 1.21966662725629
687 0.00161620504630828
688 0
690 0
695 0
700 0.0670518814550407
702 0
703 0.00583024997441824
706 0
707 0.0307869098518797
708 0
710 0
712 0.0609072744642539
714 0
715 11.3479348896867
716 0.0634134214124625
720 0.72577872178622
723 0.00307000372411027
724 0
725 0.00262886883571347
727 0.00435646597208612
728 0.00324822682323795
729 0.0188760794584093
731 0.00891524277652077
732 0
733 0.0129776982499607
742 0
744 0.00175323631020264
745 0.0683046613839593
751 0.00903087304911231
752 0
753 0.103652473973564
754 0
755 0.206430288667761
756 0
759 0.0438372068771335
761 0.0790555381070366
765 0
769 0.161079928833491
770 0
771 0.449608018584682
772 0.00662733943918277
774 0.00599764151591702
775 0.00597580222376441
777 0.0104524690381372
778 0
779 0.00262342913445047
783 0
786 0.00708091340991393
787 0.00510243399703816
788 0
789 0.00270349089735794
790 0.00478932373669216
791 0
793 0.0247531080282195
795 0.186805836455445
796 0.224074762463038
797 0.0126659829337558
798 0
800 0.00845459956304953
802 0.00285556091818186
803 0.208596325406039
807 0.01798675783317
808 0
811 0.241139040370138
813 0.00168231750246738
814 0.186520313252714
816 0
817 0.00706755034319076
818 0
821 0
822 0
825 0
827 0.0272843496737416
828 0.428196775284226
829 0.0669392800957814
831 0.0117330371824628
841 0.00901624837287903
844 0.0221598485523525
849 0.225619281574534
851 0.00523914714159727
852 0.00199237197841907
854 0.230460818312064
885 0
894 0
906 0.0082961274136783
907 0.176126562779133
909 0.0258448519725859
