108 0.992209862891213
110 6.86100837958205
1268 5.68529279662554
1259 5.73538474425742
1250 2.51894554200766
112 3.90942371741748
113 19.4113861874545
120 3.78406641479608
1271 3.42293670748763
122 2.92443844778704
124 2.7480938671407
1244 8.39106617996826
126 1.27267483016794
127 0.811994932387326
128 0.89424594592272
1263 3.73025371512854
132 1.65637146644316
134 4.7523032579372
140 2.62226827946873
141 1.59566356677823
145 0.456240786518819
147 2.20843342232385
148 0
149 3.8296883156965
150 3.08360438061692
151 0.117169461196213
152 0.15791111066652
154 0.837427082019684
158 1.39323989178606
168 0.820752243643912
169 0.533657844528154
171 0.0207966704245719
1288 2.63356143448415
174 2.11101702338891
175 9.37091657340638
177 0.350746241601005
178 0.121191173657234
1302 1.70090953564459
179 1.44832371005026
181 1.7964066826442
182 1.33644732515743
1265 2.87497566312198
184 0.763735105398379
185 3.3312982628604
188 1.31596630001228
189 0.0854053880898229
191 2.77714287266178
192 2.18496847509275
195 1.71851559814019
197 0
1282 0.367003561474261
1292 1.96324317820437
204 1.51478795908187
205 0.212331916853934
212 4.64861510656683
214 0.341268938439812
215 0.201767729230495
216 3.13375605388466
217 0.745585400052581
223 0.80974016868157
225 0.561463142902152
227 1.43854713483169
229 0.204239335264136
234 1.17084677063318
236 0.0852208690923602
237 8.4415810660627
238 0.305290583137179
239 1.75608995156917
241 0
242 0.162839561758967
243 0.529243784741311
245 0
246 0.160849491321216
251 0.751050978370102
252 0.176459112477957
253 0.799799489676551
262 4.26247005181529
266 1.24519703432432
271 1.88199747624509
274 2.21809526819641
275 0.328072821658041
276 2.79622524557615
280 6.04703240444888
283 0.756758833243551
284 0.755709137373622
287 2.79083758477727
289 0.0466333159850731
290 0.882791592703887
291 1.48162790183017
1226 6.50922836969053
295 0.126057992310303
298 0.449888533043434
299 0.0377223533932022
301 0.274289410725092
302 0.695774464800747
1227 0.184313111616008
304 0.0524607977218652
305 0.588629355656678
307 1.10132610974377
315 2.33293583806973
317 0.158932624062215
1228 0.0587859005847509
324 0.24567732099999
326 0.74468312311207
328 0.518669003361873
915 1.84399136492833
916 0.317727007746981
917 0.325717703788917
918 0.602767701540268
919 0.295915330358458
920 0.611910651050649
922 0.382333541686351
924 0.243481618288122
927 0.116232640121223
928 0.480221338855634
929 0.650665097817024
931 0.0353112980607288
932 0.278281568694266
934 1.09642321753122
937 11.706657634932
938 2.56308830988806
942 0.952754439591087
3 0.498925208918409
947 0.00409480954049687
948 0.761507251979771
949 1.78738259164122
950 0.434858968138944
952 0.371921124166504
953 2.49022263719211
954 0.0485884421716632
956 2.53198028016981
958 0.617275238532261
959 0
960 2.34365161895441
962 0.570504840374126
965 1.86934101875469
966 0.460615446743655
967 1.01294944410373
968 1.06818708745425
971 1.21001885041233
972 1.82965313387065
977 0.668071387524391
978 9.01415420799476
979 0.579578508203647
980 0
981 0.0267263254477269
7 0.379242981727628
983 0.839171597753313
985 0.0908989424874853
986 0.325730155962249
987 1.10000918608278
988 0.830703529320207
989 0.0515486800200558
991 3.81631917726898
994 3.31355429984072
998 0.880358866677101
1000 3.39596162558518
1002 0.0448098468727152
1003 0.248795243832172
1004 0.114570843671017
1008 1.36718959974589
1009 0.203250867952683
1011 7.52823257926552
1017 1.95840571594956
1023 0.774944280355074
1025 1.46477316743342
1026 0.312898435901337
1030 0.382324370531551
1032 1.27458088313601
1033 0.345456941750172
1034 0.0354137033886796
1035 0
1036 6.51796210756579
1037 1.44298039244183
1042 2.78456029714347
1043 0.837374173958665
1046 4.74524972626551
1048 0.277874606568947
1051 0
1052 0.58970914580908
1053 8.69567216240837
1056 0.763978448199823
1057 0.499499224991058
1060 0.227719089491808
1062 0.11355501340882
1063 4.12360013466234
1068 0.70233584804887
1069 0.859170554999564
1070 1.57162043127826
1071 2.32706045246821
1074 1.4584434549224
1077 0.946071493479405
1078 1.21666725425216
1079 2.13492182316351
1080 2.72504492606655
39 0.970899570305635
1082 0
1083 0.249587552329298
1085 0.985258836442047
1086 0.874610889820843
1090 0.765046480187766
1093 0.375978846227571
1094 1.25841429421401
1095 2.27002739297939
1096 0.279332091055778
1098 0.220190326005496
1100 0.655081573634528
1101 0.310850663739411
1102 0.340199993926627
1103 0.654637441261873
1104 0.554755543935275
1106 0.326886097395586
1107 0.925353421526766
1109 0.84287123669261
1113 35.087583501979
1115 0.918141814580446
1118 0.976685109019812
1120 0.195060351821886
1121 1.80638744934174
1123 0.167061756722434
1125 5.45627873082511
1134 6.23785053100131
1139 2.49723797120896
49 0.601904893452499
52 0.16586912502557
1141 3.66314559946291
1142 1.38702785626136
1146 0.100176362723227
1148 4.78629556617436
1150 1.8885933455245
1154 5.81016925987935
1157 0.156829331888461
1159 1.13898923298145
1160 0.274997840514821
1239 1.72666278933179
1163 0.673089569518169
1164 0.147192047178275
1165 0.798193762015627
1168 0.692826599437153
1170 0.224775973720522
1171 0.633245637511268
1176 2.47433904350907
1187 0.407645246875786
73 0
84 22.9276582806466
89 0.106597913744499
1189 0.618752516796304
1190 2.3743773307427
1192 0.019458358942024
1195 4.29642151419191
1197 0.888736223701687
99 0
1198 0.840740758743043
1205 1.76619378927118
1206 4.23549637922784
1207 1.72740488983838
1209 1.07818340936451
1210 7.83695948990319
1211 0.361593505193222
1212 0.0476049798145309
1213 5.62898486068142
1232 0.412482870172759
1223 0.213726935046217
131 2.99184591662673
160 1.82049998837578
164 0.212199568627209
167 0.0625411332642314
176 0.335471057659049
186 0.026956753138507
194 2.13936402319218
198 0.0343025607983577
199 2.27383154869597
209 0.298769346004847
221 1.69268912017963
250 0.0885999331851572
260 0.163637303505758
267 0.554191044084247
279 0.455503111516665
285 0.510505509052256
293 0.592022377202922
296 2.00720888042162
297 0.512767421688129
329 0.491342670171152
331 0.325333096148715
332 0.942222279417127
334 1.28534030040239
339 0.259871910953168
343 0.440740836145385
345 2.05907971833925
1224 3.72136808163435
349 0.157014849626141
350 0.1083653499105
355 8.53675463556928
356 8.70799256047692
357 7.92657630482463
358 0
359 0.508591117303763
360 0
367 37.493943617087
374 0.370618750601429
375 8.66411069818055
377 1.11127306011252
382 0.126963102633979
385 1.17679006180161
388 0.823348057640553
389 0.226060076288857
390 1.7382741675348
391 9.24695821847565
394 5.72684348334284
395 0.454177611654247
396 0.448135374024074
397 0.295116988196727
399 20.7153217211321
400 2.82623922031329
403 0.999457471122842
406 0.893488892951824
408 0
411 0.699132701417028
413 1.28387703961414
418 0.926329332289583
419 7.2473765342615
422 1.67345329778865
423 0
426 0.40451071187987
427 3.57512240912841
428 1.70139705481532
430 7.5878802203739
432 0.356104237307666
433 0.535925413277659
434 0.192334363269696
435 18.2036172195709
436 0.201625360830104
438 5.9644525429697
443 0.253424502328322
444 6.49841623327934
446 0.0657563754520286
448 0.047402821760212
451 0.702238460274054
452 1.03048408646568
453 23.5469211490548
456 0.406650276865106
458 1.03812350449002
459 5.94458584530262
461 9.50131975390687
464 0.51295065806071
466 0.657937514565035
469 0.0525761443226159
471 1.54333046846169
480 2.06142290056806
483 0.533707909450143
485 8.45211677326438
489 0.0256787320670048
499 1.80708140916073
1218 16.3181922293511
501 0.13333486345054
503 1.99798242448834
505 0.185729592665408
507 0.0616716317239053
508 0.399803054038998
510 0.209773624765468
512 0.225213763404017
513 2.61660071018936
514 0.087370141570872
516 0.660269672638107
521 2.27376054523542
524 0
530 1.53720974746875
533 0.460320630199948
537 7.7079670037174
538 19.7244898854625
540 0.184150079496117
543 0.634988217692731
544 6.83212510959007
545 5.06035038838452
548 3.06519849122411
549 2.91125923009829
550 5.25428482020257
551 2.5320736053997
554 0.278123684493916
555 0.255906004249147
556 2.3860401266009
557 1.03184030042625
558 0.535931573321319
560 0.955575461018748
564 1.07805119032708
570 0.846898890534637
571 1.94464302983525
574 0.552391271109143
575 0.463445145638437
576 0.425570139831411
577 3.70652811779954
1233 0.923822098827742
581 1.0906420369186
583 0.135092808226278
1230 3.24114860237226
584 0.399637203981064
588 2.23422284804137
590 1.93425762200079
592 0.714089909653278
594 0.0904127226115713
602 0.0325278710530867
610 1.07633680898267
611 4.53724043976461
612 0.826459554765337
614 2.19742721654967
616 1.15561413794376
621 0.591974512001359
629 1.34998395247415
632 1.18883260232896
642 0.248540294190386
643 0.855808586627083
647 7.5958951187579
649 4.23288097677163
652 2.27611957601215
654 0.10346198171219
657 0.556217700540111
658 10.6730930914099
660 0.861267535478496
662 50.0794702162778
668 4.92599835983903
674 4.04722834357637
675 0.251192757931325
677 2.11030753729357
678 0.427713388678429
679 2.33859373393458
681 0.104468932092811
682 0.649817009821258
685 0
687 2.20781383676496
688 2.29465678791019
690 0.56898001103102
695 0.0669692696693628
700 6.40603990698713
702 4.70610376388792
703 0
706 0.416851008096964
707 1.38890405591722
708 0.481235368387826
710 0.116004324363405
712 3.18491529972882
714 0.629247421492945
715 0.712743497012692
716 27.5570906263997
720 0.964860671304483
723 1.64597610415626
724 0.0299750002208461
725 8.06370072047149
727 1.16485564760961
728 1.40648490297937
729 1.82454850119883
731 2.1320661361213
732 2.16842933886495
733 6.04947232978494
742 0.479604624255225
744 2.51111960083895
745 0.879813210658098
751 6.8825965701543
752 0.104877426462817
753 0.930719712959054
754 0.0457505091660446
755 0.227001667040704
756 2.36900530187415
759 2.64017269308046
761 1.25932094594237
765 0.109456888321073
769 2.19553200024751
770 2.54923366568216
771 2.99460341216666
772 1.92772924988099
774 0.58715739445234
775 4.39151996473953
777 0.787777512211379
778 1.52982843491359
779 2.33350894352477
783 1.17310404882584
786 0.160830934509179
787 0.345665995069798
788 0.114060902742783
789 11.5722389066074
790 1.55239880327599
791 2.04840771493333
793 2.55843557858928
795 0.0641493990743299
796 0.086473792298956
797 0.150067188605354
798 14.1804272317165
800 3.73489723110261
802 1.52512641013266
803 2.54858613347204
807 0.486033767970083
808 1.31865974722305
811 1.16363650232723
813 0.540182409124957
814 1.19242645787269
816 0.14774417254831
817 0.0433273754147957
818 0.844976305426391
821 0.187045348708105
822 0.865404977563202
825 0.554059148181257
827 4.86381558472381
828 9.91018938204918
829 2.21734426537634
831 9.79631724746068
841 1.31293175797575
844 2.5575658948902
849 1.28102541849313
851 4.35282622171039
852 2.08980305864587
854 2.60669321738842
885 5.03063692832735
894 0.801974090067859
906 2.55780937886426
907 4.05620440521409
909 2.46376712619815
