3
7
39
49
52
73
84
89
99
108
110
112
113
120
122
124
126
127
128
131
132
134
140
141
145
147
148
149
150
151
152
154
158
160
164
167
168
169
171
174
175
176
177
178
179
181
182
184
185
186
188
189
191
192
194
195
197
198
199
204
205
209
212
214
215
216
217
221
223
225
227
229
234
236
237
238
239
241
242
243
245
246
250
251
252
253
260
262
266
267
271
274
275
276
279
280
283
284
285
287
289
290
291
293
295
296
297
298
299
301
302
304
305
307
315
317
324
326
328
329
331
332
334
339
343
345
349
350
355
356
357
358
359
360
367
374
375
377
382
385
388
389
390
391
394
395
396
397
399
400
403
406
408
411
413
418
419
422
423
426
427
428
430
432
433
434
435
436
438
443
444
446
448
451
452
453
456
458
459
461
464
466
469
471
480
483
485
489
499
501
503
505
507
508
510
512
513
514
516
521
524
530
533
537
538
540
543
544
545
548
549
550
551
554
555
556
557
558
560
564
570
571
574
575
576
577
581
583
584
588
590
592
594
602
610
611
612
614
616
621
629
632
642
643
647
649
652
654
657
658
660
662
668
674
675
677
678
679
681
682
685
687
688
690
695
700
702
703
706
707
708
710
712
714
715
716
720
723
724
725
727
728
729
731
732
733
742
744
745
751
752
753
754
755
756
759
761
765
769
770
771
772
774
775
777
778
779
783
786
787
788
789
790
791
793
795
796
797
798
800
802
803
807
808
811
813
814
816
817
818
821
822
825
827
828
829
831
841
844
849
851
852
854
885
894
906
907
909
915
916
917
918
919
920
922
924
927
928
929
931
932
934
937
938
942
947
948
949
950
952
953
954
956
958
959
960
962
965
966
967
968
971
972
973
977
978
979
980
981
983
985
986
987
988
989
991
994
998
1000
1002
1003
1004
1008
1009
1011
1017
1023
1025
1026
1030
1032
1033
1034
1035
1036
1037
1042
1043
1046
1048
1051
1052
1053
1056
1057
1060
1062
1063
1068
1069
1070
1071
1074
1077
1078
1079
1080
1082
1083
1085
1086
1090
1093
1094
1095
1096
1098
1100
1101
1102
1103
1104
1106
1107
1109
1113
1115
1118
1120
1121
1123
1125
1134
1139
1141
1142
1146
1148
1150
1154
1157
1159
1160
1163
1164
1165
1168
1170
1171
1176
1187
1189
1190
1192
1195
1197
1198
1205
1206
1207
1209
1210
1211
1212
1213
1218
1223
1224
1226
1227
1228
1230
1232
1233
1239
1244
1250
1259
1263
1265
1268
1271
1282
1288
1292
1302
